total-matrices: 32
matrix-start: [1] [4 4 3] (-0.30249316)
(-0.017296365 -0.012253608 -0.012143697) (-0.025986977 0.023989256 -0.020149436) (-0.041704144 0.055357888 -0.031862803) (-0.010410449 0.063990824 -0.028554866)
(-0.019573126 0.040389653 -0.028911181) (-0.018220587 0.063307166 -0.012508755) (-0.027709216 0.089267373 -0.0205529) (-0.00075247767 0.04337129 -0.0096493829)
(-0.018934319 0.032817878 -0.010246524) (-0.035230752 0.06993746 -0.0069143232) (-0.0074301856 0.057484359 -0.015230512) (0.015670272 0.024871495 0.010942829)
(0.0011975806 0.045817446 0.002116373) (-0.0041849832 0.053239856 -0.0030880051) (0.019171089 0.024525752 0.016494771) (0.038169228 -0.012122193 0.030029425)
matrix-end: [1]
matrix-start: [2] [4 4 3] (0.20058316)
(-0.034507304 -0.079150103 -0.050678898) (-0.020599853 -0.032973301 -0.034802835) (-0.014654735 0.012501301 -0.015292846) (0.022714958 0.060853023 -0.0053700181)
(-0.025036739 -0.13003518 -0.03895336) (-0.019079162 -0.095923729 -0.033758108) (-0.014180971 -0.01937305 -0.027507689) (-0.0059567075 0.072385602 0.0006985988)
(-0.0042135669 -0.16375811 -0.035983887) (-0.012028884 -0.11397821 -0.033413272) (0.0050866795 -0.027089911 -0.01205808) (-0.0034288836 0.07912416 0.00034909503)
(0.00079361134 -0.10975598 -0.022688506) (-0.019516317 -0.082533471 -0.02493589) (-0.013832179 -0.0074848798 -0.028720282) (-0.00039729997 0.054587249 -0.0010703709)
matrix-end: [2]
matrix-start: [3] [4 4 3] (-0.1149077)
(-0.016437588 0.0099288365 -0.23645122) (-0.086538561 -0.0081744231 -0.2514233) (-0.056737196 0.015445983 -0.13179633) (-0.015835738 0.0039379545 0.059736852)
(-0.055932797 0.011137622 -0.27550286) (-0.073467523 0.0037088178 -0.15942214) (0.0011202467 0.022510104 0.030986616) (0.065675296 -0.0014963363 0.20350666)
(-0.01955043 0.025737062 -0.18812615) (-0.022033067 0.011747791 -0.028915355) (0.040830217 0.0037122322 0.16819039) (0.068563208 -0.034446463 0.22826983)
(0.012866735 0.035487253 -0.011806089) (0.043738488 0.0053500682 0.14913104) (0.036846183 -0.027405126 0.22409369) (0.041449867 -0.079925045 0.18622832)
matrix-end: [3]
matrix-start: [4] [4 4 3] (0.25665253)
(-0.019440036 0.061545126 0.0044279755) (-0.027277607 0.038972694 0.020721097) (-0.026602933 0.051733043 0.0076985396) (0.0035370584 0.080160365 0.024663873)
(-0.054440666 -0.027003186 -0.017615087) (-0.04365059 -0.049143415 -0.027412977) (-0.019551186 -0.020404441 -0.0096057411) (0.025530851 0.04405269 0.016224746)
(-0.048093665 -0.093935892 -0.041863326) (-0.030540684 -0.11927899 -0.037326727) (-0.025142942 -0.10040464 -0.036703914) (0.020728748 -0.024522113 -0.00083204918)
(-0.018939156 -0.11851598 -0.056114335) (-0.0049013514 -0.16936326 -0.032506011) (0.020404009 -0.16457924 -0.028587839) (0.01051198 -0.081325881 0.003604912)
matrix-end: [4]
matrix-start: [5] [4 4 3] (-0.087817125)
(-0.0023406988 -0.01348703 -0.0073705288) (-0.0047349459 -0.021370577 -0.0095239663) (0.0068724747 -0.022620784 0.011434969) (0.010554231 -0.0071419869 -0.010078557)
(-0.0042122225 -0.037953313 -0.016583472) (-0.00016364106 -0.037839033 -0.012190626) (-0.013513377 -0.034150023 -0.012660979) (0.017478446 -0.0097111594 0.0034514673)
(-0.0057929978 -0.019567024 -0.011801301) (-0.0185971 -0.029807702 -0.025929965) (-0.019522222 -0.024923002 -0.024489338) (0.0031924467 -0.024244538 -0.00081366953)
(-0.0087257214 -0.0053851865 -0.035301026) (-0.0040757512 -0.010599542 -0.012962586) (-0.0085349455 -0.0099895634 -3.8580507e-05) (-0.016472774 -0.021332107 -0.0053330562)
matrix-end: [5]
matrix-start: [6] [4 4 3] (-0.025984418)
(0.048968058 0.0055168159 0.06347996) (0.07352785 -0.077382118 0.065023765) (0.038896348 -0.13589847 0.021405175) (0.0052365568 -0.067838155 0.011522553)
(0.072957404 -0.093512066 0.043325115) (0.055796329 -0.2217585 0.049015816) (0.022651814 -0.19799365 0.039996479) (0.016795436 -0.061492156 0.007252513)
(0.072439387 -0.14184533 0.049357772) (0.023382174 -0.17550971 0.056412697) (-0.017093131 -0.09074904 0.014770342) (-0.035305243 0.087373294 -0.025825705)
(0.021588311 -0.034004152 0.048763778) (-0.017814023 -0.0077681122 0.039013498) (-0.030724948 0.10390922 -0.0057738009) (0.0057474463 0.17770712 -0.017172487)
matrix-end: [6]
matrix-start: [7] [4 4 3] (-0.36062637)
(0.005833386 -0.0074226479 0.058841892) (0.02153358 -0.012676796 0.05551685) (0.020968216 -0.017729213 0.065069661) (0.028537713 -0.037568245 0.065647766)
(0.0032847798 -0.0075439024 0.071759917) (-0.00052187161 -0.05115575 0.064652659) (0.014183698 -0.056470104 0.053419787) (0.019548472 -0.037984218 0.073946804)
(-0.025116814 -0.038911633 0.068087488) (-0.0045799953 -0.052661739 0.058175042) (0.0064916457 -0.060087763 0.046212595) (0.017992299 -0.06620153 0.052944817)
(-0.039233796 -0.036959168 0.071822502) (-0.016568307 -0.06525822 0.060241301) (-0.011128539 -0.080575153 0.063676409) (-0.0050173881 -0.071503945 0.061276626)
matrix-end: [7]
matrix-start: [8] [4 4 3] (-0.21425299)
(-0.014276834 -0.35681504 0.055348579) (0.0095161591 -0.37725872 0.036393367) (0.0032257969 -0.38851255 0.021338208) (0.020125486 -0.36821622 0.010866395)
(0.010908283 -0.23651002 -0.00089293486) (0.012040487 -0.27813753 -0.010924036) (-0.0091475612 -0.26210314 -0.01267051) (0.010987584 -0.21701245 -0.0049868296)
(-0.017695988 0.20800291 -0.034092519) (-0.018252132 0.20634989 -0.01707859) (-0.03545 0.21658309 -0.032680999) (-0.0010526868 0.24472395 -0.0055528316)
(-0.0035883014 0.45706806 -0.022533009) (-0.016561294 0.43147948 -0.019469324) (-0.034560803 0.41979149 -0.0085514784) (-0.00051601138 0.44014043 0.026575791)
matrix-end: [8]
matrix-start: [9] [4 4 3] (0.20025484)
(-0.077251337 0.022517366 0.0028329093) (-0.13196094 0.041665912 0.019855376) (-0.1462211 0.011187815 0.031139746) (-0.04372061 0.029872699 0.041430071)
(-0.097099513 0.040052336 0.017047748) (-0.18911217 0.029084437 0.0041640941) (-0.19133599 0.0066805766 0.029314563) (-0.12201696 0.020875268 0.024847258)
(-0.076307595 0.041290008 -0.0030458968) (-0.14456797 0.020362493 -0.0020275128) (-0.17570259 0.024102185 0.0069215517) (-0.080221951 0.029176859 0.024058919)
(0.0066394219 0.020815169 -0.011012999) (-0.052320432 0.018140247 -0.021491161) (-0.071524948 -0.0038588373 0.017471185) (-0.013473651 0.039503843 0.036943652)
matrix-end: [9]
matrix-start: [10] [4 4 3] (-0.08542832)
(0.00080636889 -0.00017362843 -0.0072658118) (-0.00024260067 -0.025177943 0.012297958) (0.022775071 -0.04022181 -0.0014976418) (0.0047776145 -0.032582246 -0.0070992573)
(-0.010522157 0.0045069964 -0.018180979) (0.0057014455 0.0018051731 0.021063616) (0.016956724 -0.021961227 0.025962224) (0.025006225 -0.029631818 0.013127884)
(-0.021445947 -0.0085161682 -0.029460726) (0.0071224147 0.011964326 -0.0020893565) (-0.0013202266 -0.03497513 0.0012308119) (0.022655224 -0.037115268 0.0069388328)
(-0.006932213 0.010065403 -0.023958726) (-0.021079009 0.02976691 0.0086890766) (0.021194233 0.014772691 0.025601171) (0.016921896 -0.010596187 0.01459185)
matrix-end: [10]
matrix-start: [11] [4 4 3] (-0.16425547)
(-0.01163876 -0.23183578 -0.0072829337) (-0.0045108567 -0.35715926 0.01791784) (0.00076360849 -0.24835089 0.025677575) (0.010256558 0.064398564 -0.026448343)
(-0.0074952394 -0.36246878 -0.0040627862) (-0.0038976162 -0.3151814 0.011689376) (-0.003969043 -0.034103829 -0.021481408) (-0.0042264787 0.30893278 -0.034744758)
(0.0011088683 -0.27077174 -0.0011549599) (-0.015896618 -0.052740775 -0.020642197) (-0.014544702 0.23518039 -0.013484418) (-0.0096804267 0.39199117 -0.0063971961)
(0.019421438 0.02161558 -0.010519057) (0.0020367105 0.23013794 -0.019196104) (-0.0019092439 0.34534782 -0.018104233) (0.032585118 0.25040421 -0.0067470726)
matrix-end: [11]
matrix-start: [12] [4 4 3] (0.048552312)
(0.027758786 -0.0065568662 0.01828281) (-0.00046078465 -0.004156074 0.026174149) (-0.013028965 -0.031501524 0.024105266) (-0.024641085 -0.025773074 0.0076062968)
(0.0029244146 -0.0071340655 -0.019813228) (0.0033078394 -0.0488947 0.009059052) (-0.0070157866 -0.059536528 0.0015706092) (-0.03662698 -0.06199583 -0.014735346)
(0.019766822 -0.034631599 -0.033295654) (0.0055409581 -0.066270359 -0.0088599743) (-0.0036620577 -0.070489697 -0.0022096119) (-0.018158423 -0.074096799 -0.025281485)
(0.012797524 0.011742759 -0.0441522) (0.0011909027 -0.024981525 -0.021983817) (-0.021178067 -0.057423249 -0.04222383) (-0.013296318 -0.058605377 -0.039609279)
matrix-end: [12]
matrix-start: [13] [4 4 3] (-0.097655483)
(-0.040764354 0.0025187228 -0.030676218) (-0.22852752 0.049869929 0.02461521) (-0.27245793 0.059083953 0.053548411) (-0.21512865 0.053728659 0.054185789)
(0.18952371 -0.045138475 -0.05932083) (-0.025743559 -0.0020674421 -0.029382745) (-0.21450551 0.049356665 0.015838942) (-0.31299216 0.06979271 0.062454589)
(0.28355178 -0.061676282 -0.057762623) (0.18829957 -0.039055731 -0.057465162) (-0.011336951 0.017929994 -0.005170376) (-0.197093 0.063690066 0.028298462)
(0.23823692 -0.050156299 -0.046954259) (0.26697457 -0.046808198 -0.064784795) (0.20893832 -0.028536301 -0.047886625) (0.007910395 0.031857405 -0.0082901614)
matrix-end: [13]
matrix-start: [14] [4 4 3] (0.11154641)
(0.10050774 0.080014281 0.07015302) (0.0098908087 0.00011244979 -0.0013297204) (-0.078836553 -0.086584836 -0.054587059) (-0.13833013 -0.036737785 -0.079938337)
(0.11130864 0.12837088 0.065570593) (0.045593724 0.010715121 0.034973111) (-0.069799639 -0.11159434 -0.047168639) (-0.13416569 -0.08446712 -0.095283486)
(0.11402494 0.14741358 0.075845391) (0.068544365 0.035329733 0.050374709) (-0.033934563 -0.10233723 -0.02529099) (-0.10606436 -0.095324069 -0.07733769)
(0.076780535 0.12729155 0.066275328) (0.073185146 0.030904733 0.029856283) (0.01856358 -0.065775119 -0.0045716497) (-0.085481592 -0.075308546 -0.067707717)
matrix-end: [14]
matrix-start: [15] [4 4 3] (-0.19371662)
(0.073924735 -0.026321456 -0.0086876936) (0.08619263 -0.028484872 -0.041837253) (0.1093367 -0.028113943 -0.044142563) (0.13425301 -0.0061279596 -0.042749848)
(0.1028603 -0.026153784 -0.096759997) (0.10768879 -0.023360444 -0.10756388) (0.10690807 -0.014276957 -0.1263575) (0.13277823 -0.022155268 -0.10366677)
(0.093141943 -0.033828393 -0.12541251) (0.10217702 -0.013260487 -0.1322615) (0.083876707 -0.015357411 -0.11380872) (0.1027882 -0.0077431789 -0.088461287)
(0.059826031 -0.02067874 -0.098438725) (0.07005693 -0.016551729 -0.10128514) (0.044369966 -0.00367892 -0.079412468) (0.056544498 -0.0008258603 -0.059703421)
matrix-end: [15]
matrix-start: [16] [4 4 3] (-0.075724378)
(0.0066571045 -0.073507443 -0.040494017) (0.04032227 -0.11715887 -0.037277631) (0.045502737 -0.13533494 -0.012863828) (0.08640971 -0.068308719 0.0096352799)
(0.043768931 -0.11010092 -0.0053804405) (0.0399772 -0.13991591 -0.0008205435) (0.061784737 -0.14001225 0.018223545) (0.060978111 -0.093606599 0.049578439)
(0.069105044 -0.10226783 0.02761524) (0.051421247 -0.12704805 0.036922917) (0.045402102 -0.10756803 0.044696514) (0.06510026 -0.044288982 0.072560675)
(0.06579297 -0.072771229 0.093023002) (0.054788809 -0.057530541 0.08752875) (0.04504662 -0.041573334 0.069323897) (0.04059992 0.018216852 0.068542302)
matrix-end: [16]
matrix-start: [17] [4 4 3] (0.083544284)
(0.014952593 -0.068186492 0.043095294) (0.0046246513 -0.09960521 0.015162324) (0.0093051707 -0.090083048 0.0082264543) (0.0315933 -0.0082574682 0.025081675)
(-0.01795271 -0.10206465 0.043190204) (0.0001806447 -0.1729414 0.004009001) (0.011503593 -0.15477672 -0.0070356969) (0.0355369 -0.050482556 -0.01286344)
(-0.007122484 -0.10020856 0.023618842) (-0.0039047317 -0.19485445 0.022885945) (0.011342225 -0.17451742 0.0034477348) (0.043207429 -0.094834834 0.024806255)
(0.02675104 -0.067814387 0.062047146) (-0.00088247936 -0.13238086 0.031469557) (-0.0050707757 -0.14308424 0.010805276) (0.035670981 -0.039663438 0.021654135)
matrix-end: [17]
matrix-start: [18] [4 4 3] (-0.027109629)
(-0.018842982 -0.016266419 -0.01886843) (-0.013492991 0.0032614116 -0.026524382) (-0.0051205033 -0.024949126 -0.026751064) (-0.012663493 -0.020603074 -0.012885666)
(-0.0201068 -0.017404245 -0.0231217) (-0.0084474655 -0.0083522117 -0.025219291) (-0.023094803 -0.00010442359 -0.0049536177) (-0.010968986 0.01262478 -0.017659029)
(-0.016965728 -0.011088094 -0.027416285) (-0.012975258 -0.0078811022 -0.025423856) (0.0049190149 -0.0069118789 0.00037016202) (-0.0073057394 -0.0013364434 -0.0066715088)
(0.0007483337 -0.0069793984 -0.0043628197) (-0.0065344353 0.010383509 0.0043026134) (-0.019690424 -0.0025636621 -0.0058281198) (-0.021387832 0.0018641584 -0.021077968)
matrix-end: [18]
matrix-start: [19] [4 4 3] (-0.39948973)
(0.19343367 0.16001113 0.12002501) (0.16562086 0.17312308 0.10382204) (0.13982064 0.13725248 0.067345053) (0.072277889 0.032096852 0.041991841)
(0.13306001 0.18571369 0.090774558) (0.072543032 0.10722061 0.048176832) (0.020472704 0.019371601 0.020222224) (-0.039019313 -0.064684816 -0.022170972)
(0.065181427 0.13866931 0.031698413) (-0.019298706 0.012222583 -0.024677383) (-0.093699791 -0.087355353 -0.057985678) (-0.1130308 -0.12376694 -0.075837702)
(-0.037783168 0.041028693 -0.034281068) (-0.12625031 -0.076517776 -0.094896726) (-0.13495351 -0.14211828 -0.089756124) (-0.13498564 -0.097990662 -0.11779065)
matrix-end: [19]
matrix-start: [20] [4 4 3] (-0.33407965)
(-0.0038766703 0.1751817 0.099162035) (-0.0015950614 0.063359424 0.020020522) (0.015556591 -0.080190808 -0.067553394) (0.038298357 -0.18518989 -0.081836857)
(-0.024146635 0.16997622 0.081368364) (-0.013188588 0.11147574 0.041208886) (0.00053440838 -0.08594422 -0.068481162) (0.045688309 -0.19598985 -0.076361187)
(-0.0068434742 0.14370981 0.090488352) (-0.031319357 0.13152471 0.072254501) (-0.0063473019 -0.048182271 -0.040378194) (0.023394885 -0.16517152 -0.094560869)
(-0.0166822 0.18014635 0.096245557) (-0.036251303 0.17456044 0.096300676) (-0.010892149 0.0046417522 0.00061600341) (-0.0081422776 -0.15652254 -0.069111519)
matrix-end: [20]
matrix-start: [21] [4 4 3] (-0.056631662)
(-0.021163454 0.024487158 -0.14658919) (-0.031544574 0.019749604 -0.23802982) (-0.0085331742 0.050648779 -0.27816203) (0.01028607 0.076072976 -0.2342335)
(-0.0070084319 -0.03183537 0.077692308) (-0.020223022 -0.028673701 -0.04490814) (-0.020188771 -0.0017495559 -0.16591254) (-0.022031382 0.040699467 -0.25362489)
(-0.010851516 -0.042427462 0.22656696) (0.020758044 -0.057088409 0.175841) (0.0031040835 -0.041361813 0.075148195) (0.0012667817 0.0026897313 -0.0499027)
(-0.0090513155 -0.041304961 0.18241425) (0.01300136 -0.045790061 0.22083232) (0.011977793 -0.058254629 0.24065074) (0.025547562 -0.029201694 0.17582759)
matrix-end: [21]
matrix-start: [22] [4 4 3] (-0.83281046)
(0.047102194 0.094106384 0.047922652) (0.050432168 0.10434203 0.0019386674) (0.029294765 0.093700528 -0.0010962009) (0.01152355 0.045264624 0.016794555)
(0.017936405 0.005767805 0.043474954) (0.0042483187 0.063926823 0.043038636) (0.025802767 0.088982418 0.0098069925) (0.017051246 0.11542673 -0.00084780436)
(-0.00040904986 -0.045244534 0.036910959) (0.0050642695 0.00016251407 0.049088925) (0.011900712 0.086766876 0.02093357) (0.031908643 0.11353263 0.012582005)
(-0.012067501 -0.058833703 -0.012595211) (0.0069093071 -0.069746189 0.04475411) (-0.0019402239 0.00085416646 0.039521299) (0.029867703 0.055107489 0.058691841)
matrix-end: [22]
matrix-start: [23] [4 4 3] (-0.18421905)
(0.22892669 0.00075686479 -0.090197682) (0.1859608 -0.0041435054 -0.045339763) (0.020967651 -0.0077668629 0.0069000092) (-0.14893447 -0.0007377594 0.078226671)
(0.20493478 -0.01228776 -0.084179051) (0.12267462 0.0054824268 -0.039560463) (-0.089422196 -0.0095649548 0.037920922) (-0.21578969 0.0026835511 0.096273161)
(0.2092085 0.0060483734 -0.1004637) (0.088258848 -0.0077527231 -0.039228681) (-0.15047617 -0.022192175 0.040693354) (-0.22096588 -0.018852036 0.080430686)
(0.18464063 -0.022476081 -0.10227265) (0.036496628 -0.0097674327 -0.029838577) (-0.17184137 -0.031001683 0.070711792) (-0.2047848 -0.014012481 0.11728645)
matrix-end: [23]
matrix-start: [24] [4 4 3] (-0.032534834)
(-0.02141916 -0.0098803872 -0.011512905) (-0.023821237 -0.0089593269 -0.020677447) (-0.022113323 -0.019171244 0.0071810735) (-0.026612638 -0.026729085 -0.0041876468)
(-0.0047141942 -0.0054516536 -0.011037518) (-0.026572043 -0.0016465504 -0.019447783) (-0.023333983 -0.0093267383 -0.023521354) (-0.020093692 -0.015047918 -0.023974134)
(-0.0020813784 -0.01577365 -0.0033225461) (-0.024864273 -0.015143777 -0.022451874) (-0.025185097 -0.0040376787 -0.020099955) (-0.010464645 -0.003279485 -0.015647275)
(-0.028164512 -0.014602618 -0.0078795552) (-0.029253349 -0.01726022 -0.004410726) (-0.0075331586 -0.018791232 -0.017719956) (-0.031111944 -0.016333558 -0.02699836)
matrix-end: [24]
matrix-start: [25] [4 4 3] (0.031976014)
(-0.041801106 0.0031288024 -0.051975712) (-0.084091038 0.14431237 -0.034832712) (-0.093348555 0.19381125 -0.030908396) (-0.069610342 0.1935602 -0.02403421)
(0.025183365 -0.15352227 0.0076867389) (0.020072967 -0.037983354 -0.019143753) (-0.0094294725 0.043697365 -0.019535102) (-0.044310182 0.13990276 -0.013248202)
(0.062665947 -0.23449731 0.038009863) (0.076619245 -0.22748636 0.036893111) (0.059249517 -0.15030007 0.0089264018) (0.05205562 -0.023370145 0.0060013239)
(0.060259182 -0.14614134 0.050563149) (0.078889377 -0.17631875 0.048799764) (0.087975293 -0.17270179 0.072948642) (0.10417645 -0.061860736 0.057250012)
matrix-end: [25]
matrix-start: [26] [4 4 3] (-0.13271333)
(0.038609918 0.20654048 -0.056291487) (0.0028659489 -0.019521119 -0.0009310047) (0.0010897852 -0.24904117 0.061976239) (-0.002489625 -0.23505007 0.071008995)
(0.021668728 0.29510331 -0.074500412) (0.010502577 0.12005789 -0.029655626) (-0.026426883 -0.2096469 0.044365339) (-0.0016252951 -0.28417903 0.059678867)
(0.017582672 0.30463657 -0.072805002) (0.0062976992 0.19333036 -0.044151999) (0.0039103269 -0.1277582 0.02860759) (0.0048368699 -0.31127745 0.067833751)
(0.039317224 0.24694876 -0.056377191) (-0.0047304281 0.24285196 -0.050435428) (-0.017418668 0.0042861598 0.0071363607) (-0.0046730097 -0.20314147 0.073181279)
matrix-end: [26]
matrix-start: [27] [4 4 3] (-0.14690872)
(-0.057941478 0.023065632 0.002568285) (0.013899402 0.053741522 0.014741628) (0.072839402 0.12369869 0.023618052) (0.07081636 0.12391553 0.028182892)
(-0.05676724 -0.057078723 -0.023416234) (-0.036342151 -0.0007895563 0.00046588029) (0.018479958 0.11571156 0.022258226) (0.078121342 0.1580805 0.059432242)
(-0.049632244 -0.12378372 -0.038681038) (-0.036652274 -0.049962945 -0.020399326) (0.018336713 0.024628239 0.0062729926) (0.060755093 0.12004915 0.048832625)
(-0.049601667 -0.14693566 -0.045570571) (-0.058621336 -0.11814279 -0.036748972) (-0.019032434 -0.014736679 -0.023511631) (0.034646425 0.071957953 0.038223274)
matrix-end: [27]
matrix-start: [28] [4 4 3] (-0.051100902)
(-0.033696137 -0.15874949 0.023435876) (-0.032757439 -0.29806387 0.019340692) (0.0032663271 -0.36773774 0.03632937) (0.0094660344 -0.32024258 0.024500564)
(0.0020890769 0.17053294 0.0043401038) (-0.024703082 0.066323884 -0.015203294) (-0.019347345 -0.15974918 -0.035131425) (-0.013816621 -0.33497179 -0.021538274)
(-0.0017939393 0.33832964 -0.0096290763) (-0.0034534037 0.34829944 -0.027800212) (-0.015554038 0.19857086 -0.037366498) (-0.027868804 -0.09732613 -0.059376024)
(0.025724601 0.20780526 0.016670315) (-0.00061904883 0.36231554 -0.003949075) (-0.00065644551 0.35651785 -0.043211985) (-0.018615566 0.15297058 -0.098190159)
matrix-end: [28]
matrix-start: [29] [4 4 3] (0.62491268)
(0.011725257 0.039611891 0.046834543) (-0.015788021 -0.1111187 0.028960666) (-0.016048774 -0.18174964 0.021573246) (-0.015284164 -0.11863001 0.015991541)
(0.019617576 -0.054109402 0.017922791) (-0.015749939 -0.23918393 -0.0037325043) (-0.026392359 -0.29922077 -0.0095565384) (-0.020915695 -0.24546228 -0.0057744728)
(0.016405551 -0.01386096 0.021220531) (0.012572492 -0.22020502 -0.013064566) (-0.016558718 -0.27787894 -0.0052937507) (-0.033281274 -0.18930429 -0.012496168)
(0.039155308 0.16362785 0.027859017) (0.021733716 -0.007973793 -0.014593504) (-0.0091587855 -0.099700578 -0.040494837) (-0.010035109 -0.010123687 -0.030838611)
matrix-end: [29]
matrix-start: [30] [4 4 3] (0.153776)
(0.032458954 0.0049913512 0.019083418) (0.006537254 0.007685266 -0.07704138) (-0.014234529 0.021307817 -0.1033375) (-0.019644784 0.054570183 -0.04088302)
(0.011018615 -0.012678409 0.037109923) (-0.0017333719 0.0025534078 -0.092130482) (0.0027907342 0.035148017 -0.15369591) (-0.013949477 0.036979992 -0.096440412)
(-0.011636824 -0.015132272 0.079930633) (-0.0027992316 0.001896916 -0.074183069) (-0.002637451 0.023619916 -0.14277145) (-0.0089714983 0.048429921 -0.13857871)
(0.0024245586 0.00015129989 0.12480358) (-0.0044392548 0.0085376212 -0.016983218) (0.011666278 0.015591895 -0.12451912) (0.025391452 0.039034974 -0.13672855)
matrix-end: [30]
matrix-start: [31] [4 4 3] (-0.21565305)
(0.06279017 -0.037739038 0.024648916) (0.066507235 0.069822557 -0.0040083192) (0.042766005 0.13289645 -0.013023493) (-0.033620559 0.18002997 -0.050717011)
(0.00062565238 -0.12536086 0.042200655) (0.057174392 -0.078891471 0.031304795) (0.063552752 0.022987559 0.011184464) (0.017076036 0.13503841 -0.037943225)
(-0.047686007 -0.15319392 0.0096461354) (0.013053291 -0.1674033 0.045271046) (0.063890718 -0.099439561 0.00871778) (0.071343191 0.047204703 -0.01684892)
(-0.061897751 -0.058037002 0.0034721091) (-0.02093365 -0.14175993 0.041986346) (0.010305244 -0.13272065 0.047753036) (0.061175823 -0.049602337 0.02850895)
matrix-end: [31]
matrix-start: [32] [4 4 3] (0.063937403)
(0.020794965 -0.023480268 -0.017531533) (-0.0099811656 -0.042997465 -0.031600583) (0.014492797 -0.028675431 -0.042501967) (-0.011756003 -0.027661949 -0.039965417)
(0.016141286 -0.015998481 -0.028365804) (0.029504612 -0.036917184 -0.048372485) (0.023755752 -0.034486968 -0.038436148) (0.0022215431 -0.038630374 -0.03530138)
(0.057257947 -0.031235905 -0.060531043) (0.025194261 -0.042062331 -0.071360484) (0.025147723 -0.04856367 -0.088999324) (0.028272616 -0.015763471 -0.073426895)
(0.054526705 0.012265109 -0.073525384) (0.05384399 -0.0082091233 -0.081687249) (0.055988688 -0.023355987 -0.074670032) (0.047352038 0.0078487704 -0.066237286)
matrix-end: [32]
