total-matrices: 32
matrix-start: [1] [4 4 3] (0.31837046)
(-0.023755452 -0.060560733 0.035136197) (-0.014228679 -0.079500735 0.010352235) (0.016690115 -0.045941461 0.035515945) (0.020710357 0.0088909352 0.035122652)
(-0.031598162 -0.074514657 -0.014030785) (-0.017611764 -0.10353701 0.010385718) (-0.019729069 -0.11824915 -0.015694246) (-0.0021197018 -0.01922611 -0.012162562)
(-0.015153263 -0.063120686 -0.025964279) (-0.034776989 -0.10499549 -0.021966737) (-0.03622444 -0.089259036 -0.048199598) (-0.0056512142 -0.053884488 -0.044544954)
(0.012032588 0.010813081 -0.038026199) (0.0010715878 -0.015303372 -0.041833043) (-0.028902682 -0.019318869 -0.056409474) (-0.02571265 0.0025884097 -0.043898404)
matrix-end: [1]
matrix-start: [2] [4 4 3] (-0.19470654)
(-0.035653081 0.18982188 -0.034968011) (-0.025966357 0.13252862 -0.021926174) (0.025762184 -0.037293959 0.027748184) (0.075345285 -0.16965988 0.088856399)
(-0.044561137 0.20387962 -0.078853019) (-0.036444128 0.15177915 -0.055758543) (-0.0050022262 -0.044096693 0.019314414) (0.072031967 -0.22122942 0.10189566)
(-0.03598734 0.20110866 -0.059991006) (-0.042779848 0.1311035 -0.065160774) (-0.024717763 -0.061297905 0.010053454) (0.055726614 -0.21049987 0.086763047)
(-0.040209536 0.16259064 -0.094148755) (-0.054041304 0.10301624 -0.073076852) (-0.020004464 -0.050040927 -0.0035966109) (0.046778463 -0.15278816 0.062555484)
matrix-end: [2]
matrix-start: [3] [4 4 3] (-0.14115597)
(0.034936406 -0.05641618 0.20891623) (0.056057692 -0.010068381 0.23246454) (0.05578389 -0.0070499964 0.13533843) (-0.033321932 0.0035357077 -0.037653767)
(0.040390924 -0.016127888 0.23448615) (0.064682178 0.0088467672 0.14722824) (0.0043705762 0.0097449506 -0.037734289) (-0.094342105 0.020441458 -0.19106582)
(0.054398801 -0.0069783707 0.19600548) (0.035882153 0.0094620986 0.021344159) (-0.03684286 0.0041185399 -0.15593068) (-0.09720248 0.010877029 -0.25192103)
(0.044760775 0.019001646 0.094205588) (-0.00023427805 -0.012054176 -0.099086866) (-0.054373533 -0.0016779575 -0.2532087) (-0.059609447 0.041240729 -0.2321855)
matrix-end: [3]
matrix-start: [4] [4 4 3] (-0.42834577)
(-0.038211271 -0.12271283 -0.044984851) (-0.053045556 -0.11633493 -0.057109989) (-0.058433767 -0.10093583 -0.050311081) (-0.10483305 -0.016870836 -0.081218526)
(0.025602026 -0.050347589 0.0010982212) (0.0079509569 -0.049931321 0.001533626) (-0.011899665 -0.0058132783 0.00056733971) (-0.024786124 0.06443058 -0.014090026)
(0.086020321 0.030878641 0.054263838) (0.054024674 0.053194478 0.028737282) (0.019632202 0.068119787 0.031373989) (-0.013068691 0.10466061 0.0093925502)
(0.12846908 0.12527938 0.10186515) (0.080541089 0.1522259 0.040384084) (0.044092145 0.13779345 0.031170478) (0.03805121 0.079694986 0.037073877)
matrix-end: [4]
matrix-start: [5] [4 4 3] (0.17324297)
(0.025299668 0.051173311 0.004816188) (0.040274628 0.20799443 0.030097391) (0.059912071 0.25925618 0.025439212) (0.070931904 0.19896549 0.018213987)
(-0.044850551 -0.1449708 -0.037504539) (0.015283344 0.054941837 0.0082145287) (0.0073859338 0.23892207 0.036996659) (0.039654952 0.269775 0.024645993)
(-0.06062936 -0.28569102 -0.059480757) (-0.032944568 -0.25921553 -0.013010495) (-0.032164317 -0.061066192 0.00075567601) (0.00014390815 0.12680449 0.035383813)
(-0.057111405 -0.26471817 -0.062762819) (-0.051011637 -0.37002143 -0.045845602) (-0.039114933 -0.31351352 -0.027110344) (-0.02869031 -0.11812166 -0.0094023664)
matrix-end: [5]
matrix-start: [6] [4 4 3] (-0.062635526)
(-0.0034239797 -0.023310911 -0.026595529) (-0.003193411 -0.029326398 -0.0049627014) (-0.015611313 -0.014898976 0.0015618139) (-0.019352028 -0.012874822 -0.020693103)
(-0.014735972 -0.025434053 -0.025675213) (0.012954781 -0.029163906 -0.024734985) (0.009469863 -0.023842905 -0.0086405389) (-0.0016486904 -0.012494574 0.0091764433)
(-0.022505507 -0.02743019 -0.012059955) (0.0066136732 -0.0092978152 -0.014731199) (0.0032326777 -0.026226146 -0.014297744) (-0.020372851 -0.019554717 0.00056382758)
(-0.025589023 -0.040150907 -0.0037287676) (0.0039927661 -0.040809497 0.0011208332) (-3.980305e-05 -0.016356546 -0.028131112) (-0.022344656 -0.038841665 0.00083296822)
matrix-end: [6]
matrix-start: [7] [4 4 3] (-0.02953634)
(0.041710246 0.059259042 0.020401996) (0.025145233 0.051786855 -0.020940907) (0.024429139 0.053039975 -0.033963539) (0.027566396 0.074915558 -0.0047545512)
(0.031176619 0.044495989 -0.030471778) (0.013263236 0.01949409 -0.091732964) (0.0040556467 0.04100484 -0.10964914) (0.021816058 0.045826871 -0.059300691)
(0.028058292 0.039891489 -0.073635824) (0.023901435 0.0017506815 -0.11945934) (0.019010887 0.026249522 -0.14767739) (0.02896974 0.058343638 -0.097756051)
(0.018786075 0.01647434 -0.085763291) (0.021068517 0.022007676 -0.13017282) (0.011675954 0.013369147 -0.13383336) (0.012257291 0.025978478 -0.087821841)
matrix-end: [7]
matrix-start: [8] [4 4 3] (-0.28620809)
(0.06633196 0.42424965 0.015385988) (0.033858776 0.37728223 -0.013124299) (0.019076763 0.35981369 -0.0086900042) (0.030919114 0.41715401 0.018487284)
(-0.01303823 0.19939315 0.00056781585) (-0.010796395 0.16710477 -0.0077185831) (-0.0096249925 0.16778754 0.018128157) (-0.006857906 0.21034226 0.005516517)
(-0.038726851 -0.20118506 -0.004296652) (-0.022267809 -0.21853039 -0.014074838) (-0.057823107 -0.22049448 -0.011319085) (-0.030396117 -0.15908772 -0.0021866411)
(-0.04466724 -0.32883933 0.012780304) (-0.016852809 -0.35951605 -0.013403403) (0.0010173981 -0.3519637 -0.030504107) (0.0024867463 -0.33951244 0.0025014465)
matrix-end: [8]
matrix-start: [9] [4 4 3] (-0.54422724)
(0.076880924 0.024217615 0.035456963) (0.10845235 0.0071372725 0.071462102) (0.090566628 0.021811409 0.069957063) (0.069537573 0.014768483 0.023127781)
(0.068304293 -0.02717701 0.0050808522) (0.063117579 -0.038724106 0.042225167) (0.078796163 -0.016775921 0.067417055) (0.06179117 -0.014483423 0.042966072)
(0.0010420555 -0.039222546 -0.024405448) (0.056576055 -0.047131356 0.013790197) (0.052619956 -0.048928041 0.03644954) (0.057284772 -0.043726366 0.037744198)
(-0.050332844 -0.052698992 -0.08201427) (-0.0029244579 -0.027046723 -0.029514667) (0.0046044537 -0.047757279 -0.0018449583) (-0.011938256 -0.020130014 -0.0072916779)
matrix-end: [9]
matrix-start: [10] [4 4 3] (0.026009765)
(-0.0039524511 -0.10449883 0.024887569) (0.012949157 -0.023911061 0.01129771) (-0.0049569961 0.11027977 -0.050258033) (-0.0058044638 0.15012002 -0.063966729)
(-0.0020164018 -0.16578948 0.052743122) (0.013647758 -0.10068226 0.03428711) (0.0042703194 0.095212281 -0.015594681) (-0.011164599 0.17125373 -0.087978117)
(0.00024532384 -0.1618298 0.040382881) (-0.0051550185 -0.16018604 0.050213158) (-0.016018519 0.036077235 -0.024519732) (-0.0013671976 0.18961322 -0.051961254)
(0.0054788641 -0.10763793 0.040659927) (0.0092499815 -0.15281376 0.076465353) (0.0035114333 -0.037840061 0.014735037) (-0.025597127 0.12346738 -0.067196883)
matrix-end: [10]
matrix-start: [11] [4 4 3] (-0.1751751)
(-0.011624404 0.28896686 0.011010185) (-0.035300903 0.38480118 -0.022313137) (-0.054079272 0.30547658 -0.041659527) (-0.012319765 0.051359013 -0.040992681)
(-0.028756922 0.38385004 -0.022578012) (-0.026391122 0.28325135 -0.036228649) (-0.0070451014 0.016324557 -0.020284642) (0.010881444 -0.27556637 0.013337942)
(-0.022641197 0.28404868 -0.019598845) (-0.019944036 0.0011847862 -0.0024920581) (0.009718609 -0.29779786 0.0096352892) (0.024280934 -0.42291927 0.035100162)
(0.026914911 0.0035676917 0.012978544) (0.033398699 -0.27384511 0.017120944) (0.019747684 -0.39395988 0.027259324) (0.027884848 -0.30914041 0.01556177)
matrix-end: [11]
matrix-start: [12] [4 4 3] (-0.1552169)
(-0.028422926 -0.31382084 -0.025594829) (-0.024179809 -0.2129633 -0.024371542) (-0.018520951 0.030858122 -0.018757753) (0.021937359 0.2083986 -0.026547218)
(-0.036061704 -0.31139657 -0.016284253) (-0.016187033 -0.12902516 -0.0090462938) (0.023047317 0.17810611 -0.010533382) (0.021019077 0.33205637 -0.0054571191)
(-0.011631588 -0.23475111 0.0021868248) (-0.0099276621 -0.02584872 0.00079329626) (0.01020128 0.23313873 -0.022988403) (-0.00052149023 0.30106962 0.0086262412)
(-0.026771093 -0.10830338 -0.0026384629) (-0.013786923 0.068726718 0.0045521269) (-0.0037169154 0.19656698 0.012925586) (-0.00030048049 0.19017756 0.022472059)
matrix-end: [12]
matrix-start: [13] [4 4 3] (-0.11446188)
(0.017544501 -0.0096013565 -0.0052576885) (0.20900702 0.010494365 -0.064885102) (0.25011307 0.017686034 -0.044493221) (0.19344582 -0.00042878694 -0.030227112)
(-0.18938611 -0.0006272723 0.046389814) (-0.0083481306 -0.0017363406 -0.021137195) (0.18040358 0.00064802892 -0.062665567) (0.28114438 0.00099306204 -0.077421769)
(-0.31491217 0.0083629731 0.058406051) (-0.21870674 -0.013307425 0.020654576) (-0.02351436 -0.013809126 -0.03528703) (0.20019111 0.010898268 -0.10500302)
(-0.22363912 0.054292951 0.070541739) (-0.27096212 0.0090184845 0.069239214) (-0.20594749 0.0035129376 0.029190762) (0.00074201461 0.027527928 -0.029958511)
matrix-end: [13]
matrix-start: [14] [4 4 3] (-0.016121475)
(-0.010384548 0.0046717897 -0.021585967) (-0.0070310878 -0.0044334237 -0.0057446351) (0.0039956882 -0.0081811408 -0.0056155003) (0.0022942345 -0.015956659 0.00084767636)
(0.0041682464 -0.0004940441 -0.014401814) (-0.0043413169 -0.0090028662 -0.019254074) (-0.023007907 -0.00031280468 0.007474924) (0.0057150107 -0.0093671922 0.006282724)
(-0.0014107944 -2.0449366e-05 -0.014297112) (-0.01006589 -0.013099279 -0.013044696) (-0.019542046 0.017425491 -0.00478752) (-0.010569385 0.0040892581 -0.011386476)
(0.0040458841 -0.0013930566 -0.0086418018) (-0.0084784562 -0.0043902453 -0.024228305) (-0.017520549 0.0053511928 -0.0032171945) (0.00040979154 -0.012470475 -0.0037503093)
matrix-end: [14]
matrix-start: [15] [4 4 3] (-0.08058551)
(-0.12399568 -0.019966519 0.041905824) (-0.14482155 -0.024747433 0.056297064) (-0.13620105 -0.016275201 0.061015498) (-0.057073299 -0.024138648 0.086294383)
(-0.15525019 -0.015832979 0.080619402) (-0.18435133 -0.0058816532 0.069090724) (-0.16983855 -0.0074275672 0.074752018) (-0.11910537 0.0019032082 0.10004179)
(-0.093595065 -0.023509549 0.09961272) (-0.12165471 -0.016615774 0.084483385) (-0.12595014 -0.01112172 0.064761005) (-0.06349057 -0.0019567516 0.091729775)
(-0.0040068231 -0.028657096 0.10437172) (-0.01622205 -0.010548162 0.087135114) (0.00036865208 -0.0079154614 0.058760352) (0.0070802164 -0.015819335 0.088872306)
matrix-end: [15]
matrix-start: [16] [4 4 3] (-0.2624585)
(0.0016271297 0.095727548 0.055166021) (-0.030169213 0.097650453 0.03692358) (-0.058668103 0.10642085 0.014208769) (-0.079511829 0.089394167 0.004105641)
(-0.023187667 0.11082018 0.025159121) (-0.047680881 0.10745711 -0.0072999215) (-0.069383159 0.095155537 -0.014859814) (-0.075525098 0.053477202 -0.032887403)
(-0.028028449 0.090388715 0.0019988744) (-0.053696353 0.075252332 -0.025322532) (-0.058381494 0.056731202 -0.046694405) (-0.033568233 0.005077831 -0.051147405)
(-0.015971003 0.050829872 -0.048027389) (-0.026365208 0.030547563 -0.063615672) (-0.0082607828 -0.0094551062 -0.067830443) (0.00058907125 -0.04208032 -0.054036733)
matrix-end: [16]
matrix-start: [17] [4 4 3] (0.04820795)
(-0.10471314 0.055403147 -0.044867005) (-0.060464807 0.079269476 -0.0079973293) (-0.030027466 0.012219058 0.021899203) (0.048556756 -0.051564071 0.041335665)
(-0.089594021 0.10481178 -0.10171971) (-0.064114287 0.1316345 -0.043332782) (-0.04748993 0.098965943 -0.0070314379) (-0.015173904 0.0063511585 0.043075737)
(-0.069950134 0.074141353 -0.099001005) (-0.064648464 0.15333942 -0.070318751) (-0.060724679 0.14008634 -0.022654118) (-0.042684905 0.057674773 0.013501137)
(-0.037539005 -0.015410958 -0.10890806) (-0.048739489 0.048993215 -0.10774717) (-0.064034961 0.094570681 -0.077055849) (-0.05207615 0.069009036 -0.027078871)
matrix-end: [17]
matrix-start: [18] [4 4 3] (0.25950232)
(-0.036014937 -0.047615316 -0.044288393) (-0.053670123 -0.12165121 -0.010477794) (-0.022925878 -0.1397654 -0.022143232) (-0.026335437 -0.070439853 0.012663751)
(-0.031577967 -0.11049538 -0.019310579) (-0.014397826 -0.14661953 -0.025853211) (-0.017351246 -0.094498217 -0.012302795) (0.0094294893 0.061722882 0.021246782)
(-0.039554399 -0.14056332 -0.047236413) (0.0054312008 -0.083149053 -0.033173148) (0.021864288 0.10073198 -0.0086922236) (0.017895672 0.21351701 0.032152321)
(-4.7407404e-05 -0.056504276 -0.034601558) (0.01719719 0.032271791 0.00022641051) (0.015574969 0.19081262 0.016146889) (-0.01511778 0.20869803 0.046445228)
matrix-end: [18]
matrix-start: [19] [4 4 3] (0.045451768)
(-0.055385109 -0.076068684 -0.02308592) (-0.039271478 -0.064043976 -0.031665102) (-0.012606128 0.0027209918 -0.030828506) (-0.018856447 0.052419014 -0.031415489)
(-0.039766744 -0.094472609 -0.027852472) (-0.0034064893 -0.091288283 -0.0070467615) (0.003959402 -0.020468224 -0.019571265) (0.012595727 0.025679758 -0.029705869)
(0.020693609 -0.060369398 0.0082409671) (0.027030054 -0.087731048 -0.0089914296) (0.01467526 -0.038580388 -0.014590781) (0.035885818 0.020781334 -0.014580711)
(0.026970452 -0.027227098 0.019966416) (0.028564438 -0.049165081 0.0048362715) (0.015090752 -0.049016956 0.014119062) (0.0097207176 -0.011950077 0.014212646)
matrix-end: [19]
matrix-start: [20] [4 4 3] (-0.089411072)
(-0.031874232 -0.21296374 -0.12737125) (-0.031242555 -0.093902044 -0.023402028) (0.013576021 0.13399087 0.10631633) (0.025714656 0.31017596 0.11067446)
(-0.01580428 -0.26790765 -0.12787949) (-0.023199651 -0.189895 -0.037734538) (0.0061309491 0.11902983 0.079627797) (0.011985405 0.30508184 0.11140666)
(-0.02431798 -0.26431888 -0.14304368) (-0.015264807 -0.2066665 -0.076779597) (-0.00078763306 0.082277067 0.0798705) (0.0090547949 0.27746567 0.12859939)
(-0.039850645 -0.22177787 -0.16025253) (-0.036203686 -0.16952309 -0.10286755) (0.01306099 0.066508919 0.059023611) (-0.0043171351 0.23992494 0.12786169)
matrix-end: [20]
matrix-start: [21] [4 4 3] (-0.074354693)
(0.0067585059 -0.026395986 0.1137173) (0.030983021 -0.022226257 0.22151214) (0.040286418 -0.027002649 0.24453115) (0.018836908 -0.040112484 0.19920531)
(-0.032171469 -0.0055906191 -0.084757574) (-0.0050589242 -0.0061896052 0.063216597) (0.018388214 -0.029403597 0.18169482) (0.041803613 -0.029658362 0.25378126)
(-0.053989626 0.0087705189 -0.2810196) (-0.044615515 -0.0016511811 -0.18208602) (-0.016154099 -0.022805683 -0.040394779) (0.026272763 -0.01838287 0.1258146)
(-0.020109132 0.057013385 -0.24785429) (-0.032793157 0.02379526 -0.29001063) (-0.025086824 0.014000624 -0.24750717) (0.0054518222 0.014602236 -0.10013095)
matrix-end: [21]
matrix-start: [22] [4 4 3] (0.22073276)
(-0.042676575 -0.067383647 -0.020545388) (-0.053148486 -0.087871909 -0.028524693) (-0.086067669 -0.0899406 -0.046437573) (-0.092465043 -0.078263909 -0.028596807)
(-0.013273416 -0.08009205 -0.057204477) (-0.022251697 -0.086409859 -0.063846044) (-0.053382307 -0.10543825 -0.055835146) (-0.064288922 -0.083699495 -0.050203275)
(0.023208886 -0.067681633 -0.058235012) (0.0020679 -0.064013258 -0.062661961) (-0.029762255 -0.084773906 -0.050288636) (-0.011116175 -0.075100824 -0.06943211)
(0.046608925 -0.013806202 -0.050207935) (0.047971264 -0.035505794 -0.061844949) (0.037170622 -0.060526989 -0.06740994) (-0.0011057965 -0.028596234 -0.049557965)
matrix-end: [22]
matrix-start: [23] [4 4 3] (-0.090228803)
(-0.24553424 0.0049023395 0.084717251) (-0.20187536 -0.016620651 0.044625293) (0.016086673 -0.0054688016 -0.017189773) (0.22509363 -0.022010703 -0.043858856)
(-0.25132152 0.0055198069 0.074748494) (-0.17955469 -0.0044102361 0.034776248) (0.10829638 -0.011664532 -0.022236744) (0.25927421 -0.00544602 -0.04556844)
(-0.27303699 0.01396214 0.083877549) (-0.12755437 -0.017928733 0.014310945) (0.16456482 -0.022708697 -0.056894083) (0.26223621 -0.022181677 -0.063700274)
(-0.21439564 0.0172479 0.074136548) (-0.013994014 -0.039792776 -0.004390378) (0.20265815 -0.04883362 -0.055281915) (0.22844809 -0.034830522 -0.022626029)
matrix-end: [23]
matrix-start: [24] [4 4 3] (0.31864414)
(0.010799065 0.026680311 0.023301659) (0.017060531 0.099898152 0.021388186) (-0.012387483 0.07453987 -0.0077910195) (-0.067683764 -0.0026032126 -0.042793494)
(0.02146329 0.15156166 0.059885237) (-0.00054921751 0.10892408 0.013183841) (-0.0023695421 -0.0021963285 -0.014751279) (-0.056299884 -0.095338106 -0.036126334)
(-0.00026785716 0.16203433 0.076942451) (0.015282943 0.027486786 0.03150725) (-0.0021671543 -0.16461238 -0.012607609) (-0.040128265 -0.2434427 -0.058098901)
(0.0084942449 0.047574412 0.05347798) (-0.018862462 -0.11512097 0.023146966) (-0.030148247 -0.25301236 -0.025853397) (-0.026966419 -0.25751117 -0.087513447)
matrix-end: [24]
matrix-start: [25] [4 4 3] (-0.046897221)
(0.030070249 -0.0081976103 0.009492089) (0.0061873929 -0.0092927134 0.0050933147) (0.0061560371 -0.043169349 -0.034213122) (-0.018912701 -0.025876759 -0.029384563)
(0.023781991 -0.013754708 0.0081628077) (0.014443194 -0.015913026 -0.015985755) (-0.0072820643 -0.041806281 -0.0084841922) (-0.023680493 -0.027137807 -0.043629128)
(0.032699004 -0.0021566211 -0.0050775553) (0.015831165 -0.0069971662 -0.017293697) (0.020666445 -0.020935809 -0.031857785) (0.00070024503 -0.038083348 -0.027543923)
(0.038871665 -0.014101079 0.00014885214) (0.0095579857 -0.025133295 -0.017163642) (0.0031955109 -0.012128137 -0.0094440449) (-0.0040214234 -0.052420121 -0.023267426)
matrix-end: [25]
matrix-start: [26] [4 4 3] (-0.099149004)
(-0.0059985658 -0.10651024 0.062229589) (0.010813421 0.013585747 0.010833276) (0.030577371 0.11737964 -0.050253496) (0.0092503605 0.12705065 -0.071751185)
(-0.020956963 -0.16385008 0.070413955) (0.019865949 -0.064042114 0.021229152) (0.020236902 0.090534098 -0.033637449) (-0.019628899 0.10814916 -0.083308421)
(-0.012409486 -0.14946513 0.086535871) (-0.0059536602 -0.084315725 0.058389541) (0.014670844 0.045220643 -0.0082048811) (0.0019429015 0.11723863 -0.091121733)
(-0.01678675 -0.14169312 0.075061381) (0.010257365 -0.1056591 0.076089688) (-0.0010747338 0.028184691 -0.0064523527) (0.0065271403 0.10031045 -0.061697651)
matrix-end: [26]
matrix-start: [27] [4 4 3] (-0.15588187)
(0.061458722 0.077110723 0.04163032) (0.043174881 0.021443306 0.036092442) (-0.0046515623 0.0015585317 -0.0041777436) (-0.030870523 -0.050616134 -0.017419891)
(0.046801031 0.068462498 0.036225185) (0.018390689 0.028346183 0.01392549) (-4.0753715e-05 -0.040159151 0.0041988851) (-0.039798141 -0.048228879 -0.031628758)
(0.026143143 0.072669379 0.012617868) (0.025245072 0.0072555598 0.031373817) (0.001467702 -0.067718782 -0.025365638) (-0.037188835 -0.072912268 -0.011521317)
(0.037822209 0.073820397 0.034212649) (0.020377386 0.037911888 0.033113319) (0.027119305 -0.0487184 0.00059942564) (-0.016149813 -0.092096925 -0.040128928)
matrix-end: [27]
matrix-start: [28] [4 4 3] (0.15611957)
(-0.017287221 -0.017768709 0.017161379) (-0.019965319 -0.049052082 0.0022393183) (-0.0022368657 -0.030818073 -0.020096721) (0.0061693029 0.03632471 -0.003885302)
(-0.013303905 -0.056503352 -0.00068321358) (-0.0025188795 -0.073361166 -0.024720022) (0.0017428014 -0.057617445 -0.036580585) (-0.018179858 0.019126998 -0.0096275043)
(-0.030418754 -0.087797187 -0.011296217) (-0.00013682785 -0.12683366 -0.012158664) (-0.016458344 -0.077496208 -0.0066361153) (-0.012838567 0.010227985 0.013673115)
(0.0096735712 -0.079938546 -0.016219579) (-0.005493674 -0.10037202 -0.022771068) (0.019022545 -0.090259559 0.00073480065) (0.022142829 0.01562975 -0.012162792)
matrix-end: [28]
matrix-start: [29] [4 4 3] (-0.77672309)
(0.0035624288 0.062121145 0.015019403) (0.0099200774 0.09285289 0.011426673) (0.020006431 0.10830635 -0.0041884752) (0.025994107 0.075607359 -0.014396573)
(-0.027419269 0.064307697 0.026793353) (-0.012929696 0.084257036 0.016164282) (0.0039288243 0.064013615 -0.0045936378) (0.027703373 0.08272554 0.00034625261)
(-0.026475435 0.038363807 0.0075694951) (-0.028749961 0.080755681 0.0012052507) (-0.01443551 0.087940365 0.01677675) (0.0039334693 0.10515037 0.031681851)
(-0.041020334 -0.049883276 -0.014104061) (-0.035408437 0.0083955526 -0.0076104603) (-0.013202555 0.055799343 0.00029596093) (0.0076423171 0.075499021 0.026551194)
matrix-end: [29]
matrix-start: [30] [4 4 3] (-0.14709091)
(0.036216944 -0.0046311216 0.049916346) (-0.044157423 -0.010387322 0.053044733) (-0.11697149 0.0045743757 0.014079018) (-0.11611621 0.010243015 -0.038765706)
(0.064836159 0.0016798084 0.025019143) (-0.022605477 0.0062294905 0.050971821) (-0.11417567 0.021755541 0.031545971) (-0.13493058 0.015950836 -0.034619227)
(0.089696154 0.0068078861 0.018479282) (0.0080653764 0.0023341803 0.044895612) (-0.080380641 0.01845054 0.032979265) (-0.13703369 0.010682926 -0.014103399)
(0.097924165 0.019274248 0.017826039) (0.041103888 0.021205071 0.035797302) (-0.05079269 0.023729764 0.052347612) (-0.10519139 0.019289911 0.020390667)
matrix-end: [30]
matrix-start: [31] [4 4 3] (-0.065446071)
(0.029161572 0.0046264208 0.011426626) (-0.035867129 -0.14749241 -0.032720078) (-0.057084493 -0.24767663 -0.064585388) (-0.046974607 -0.22962539 -0.080801129)
(0.090850584 0.12532081 0.061177589) (0.021495739 0.0089906361 0.0098067792) (-0.050187755 -0.17877664 -0.048925608) (-0.079036169 -0.27170664 -0.073812157)
(0.098957762 0.18985073 0.069568194) (0.057703283 0.13257672 0.036647204) (0.015375106 -0.040050298 0.0058202269) (-0.046171285 -0.18583508 -0.034923151)
(0.074189894 0.16023962 0.076418184) (0.084064595 0.17251262 0.04366564) (0.057115875 0.089343622 0.034804914) (0.013014635 -0.043827288 -0.013974294)
matrix-end: [31]
matrix-start: [32] [4 4 3] (-0.45809016)
(-0.077488825 0.0081799999 -0.083140239) (-0.06668409 -0.056129519 -0.087276265) (-0.029719476 -0.074313544 -0.10105755) (0.0191855 -0.074178867 -0.077808261)
(-0.044257861 0.044517331 -0.030597275) (0.0097152684 -0.035713851 -0.0035176952) (0.035313997 -0.08974877 -0.0037954706) (0.073795393 -0.093851231 -0.0093175182)
(0.0057904879 0.088637918 0.060858995) (0.036747597 -0.0028897189 0.076402187) (0.074726798 -0.042898629 0.086547457) (0.092186682 -0.080015324 0.098695688)
(0.015416876 0.09641932 0.099313632) (0.026470315 0.060889177 0.14334266) (0.083134323 0.026312398 0.18830149) (0.11659537 -0.0070550339 0.20021139)
matrix-end: [32]
