total-matrices: 64
matrix-start: [1] [4 4 3] (0.31837046)
(-0.023755452 -0.060560733 0.035136197) (-0.014228679 -0.079500735 0.010352235) (0.016690115 -0.045941461 0.035515945) (0.020710357 0.0088909352 0.035122652)
(-0.031598162 -0.074514657 -0.014030785) (-0.017611764 -0.10353701 0.010385718) (-0.019729069 -0.11824915 -0.015694246) (-0.0021197018 -0.01922611 -0.012162562)
(-0.015153263 -0.063120686 -0.025964279) (-0.034776989 -0.10499549 -0.021966737) (-0.03622444 -0.089259036 -0.048199598) (-0.0056512142 -0.053884488 -0.044544954)
(0.012032588 0.010813081 -0.038026199) (0.0010715878 -0.015303372 -0.041833043) (-0.028902682 -0.019318869 -0.056409474) (-0.02571265 0.0025884097 -0.043898404)
matrix-end: [1]
matrix-start: [2] [4 4 3] (-0.30249316)
(-0.017296365 -0.012253608 -0.012143697) (-0.025986977 0.023989256 -0.020149436) (-0.041704144 0.055357888 -0.031862803) (-0.010410449 0.063990824 -0.028554866)
(-0.019573126 0.040389653 -0.028911181) (-0.018220587 0.063307166 -0.012508755) (-0.027709216 0.089267373 -0.0205529) (-0.00075247767 0.04337129 -0.0096493829)
(-0.018934319 0.032817878 -0.010246524) (-0.035230752 0.06993746 -0.0069143232) (-0.0074301856 0.057484359 -0.015230512) (0.015670272 0.024871495 0.010942829)
(0.0011975806 0.045817446 0.002116373) (-0.0041849832 0.053239856 -0.0030880051) (0.019171089 0.024525752 0.016494771) (0.038169228 -0.012122193 0.030029425)
matrix-end: [2]
matrix-start: [3] [4 4 3] (-0.19470654)
(-0.035653081 0.18982188 -0.034968011) (-0.025966357 0.13252862 -0.021926174) (0.025762184 -0.037293959 0.027748184) (0.075345285 -0.16965988 0.088856399)
(-0.044561137 0.20387962 -0.078853019) (-0.036444128 0.15177915 -0.055758543) (-0.0050022262 -0.044096693 0.019314414) (0.072031967 -0.22122942 0.10189566)
(-0.03598734 0.20110866 -0.059991006) (-0.042779848 0.1311035 -0.065160774) (-0.024717763 -0.061297905 0.010053454) (0.055726614 -0.21049987 0.086763047)
(-0.040209536 0.16259064 -0.094148755) (-0.054041304 0.10301624 -0.073076852) (-0.020004464 -0.050040927 -0.0035966109) (0.046778463 -0.15278816 0.062555484)
matrix-end: [3]
matrix-start: [4] [4 4 3] (0.20058316)
(-0.034507304 -0.079150103 -0.050678898) (-0.020599853 -0.032973301 -0.034802835) (-0.014654735 0.012501301 -0.015292846) (0.022714958 0.060853023 -0.0053700181)
(-0.025036739 -0.13003518 -0.03895336) (-0.019079162 -0.095923729 -0.033758108) (-0.014180971 -0.01937305 -0.027507689) (-0.0059567075 0.072385602 0.0006985988)
(-0.0042135669 -0.16375811 -0.035983887) (-0.012028884 -0.11397821 -0.033413272) (0.0050866795 -0.027089911 -0.01205808) (-0.0034288836 0.07912416 0.00034909503)
(0.00079361134 -0.10975598 -0.022688506) (-0.019516317 -0.082533471 -0.02493589) (-0.013832179 -0.0074848798 -0.028720282) (-0.00039729997 0.054587249 -0.0010703709)
matrix-end: [4]
matrix-start: [5] [4 4 3] (-0.14115597)
(0.034936406 -0.05641618 0.20891623) (0.056057692 -0.010068381 0.23246454) (0.05578389 -0.0070499964 0.13533843) (-0.033321932 0.0035357077 -0.037653767)
(0.040390924 -0.016127888 0.23448615) (0.064682178 0.0088467672 0.14722824) (0.0043705762 0.0097449506 -0.037734289) (-0.094342105 0.020441458 -0.19106582)
(0.054398801 -0.0069783707 0.19600548) (0.035882153 0.0094620986 0.021344159) (-0.03684286 0.0041185399 -0.15593068) (-0.09720248 0.010877029 -0.25192103)
(0.044760775 0.019001646 0.094205588) (-0.00023427805 -0.012054176 -0.099086866) (-0.054373533 -0.0016779575 -0.2532087) (-0.059609447 0.041240729 -0.2321855)
matrix-end: [5]
matrix-start: [6] [4 4 3] (-0.1149077)
(-0.016437588 0.0099288365 -0.23645122) (-0.086538561 -0.0081744231 -0.2514233) (-0.056737196 0.015445983 -0.13179633) (-0.015835738 0.0039379545 0.059736852)
(-0.055932797 0.011137622 -0.27550286) (-0.073467523 0.0037088178 -0.15942214) (0.0011202467 0.022510104 0.030986616) (0.065675296 -0.0014963363 0.20350666)
(-0.01955043 0.025737062 -0.18812615) (-0.022033067 0.011747791 -0.028915355) (0.040830217 0.0037122322 0.16819039) (0.068563208 -0.034446463 0.22826983)
(0.012866735 0.035487253 -0.011806089) (0.043738488 0.0053500682 0.14913104) (0.036846183 -0.027405126 0.22409369) (0.041449867 -0.079925045 0.18622832)
matrix-end: [6]
matrix-start: [7] [4 4 3] (-0.42834577)
(-0.038211271 -0.12271283 -0.044984851) (-0.053045556 -0.11633493 -0.057109989) (-0.058433767 -0.10093583 -0.050311081) (-0.10483305 -0.016870836 -0.081218526)
(0.025602026 -0.050347589 0.0010982212) (0.0079509569 -0.049931321 0.001533626) (-0.011899665 -0.0058132783 0.00056733971) (-0.024786124 0.06443058 -0.014090026)
(0.086020321 0.030878641 0.054263838) (0.054024674 0.053194478 0.028737282) (0.019632202 0.068119787 0.031373989) (-0.013068691 0.10466061 0.0093925502)
(0.12846908 0.12527938 0.10186515) (0.080541089 0.1522259 0.040384084) (0.044092145 0.13779345 0.031170478) (0.03805121 0.079694986 0.037073877)
matrix-end: [7]
matrix-start: [8] [4 4 3] (0.25665253)
(-0.019440036 0.061545126 0.0044279755) (-0.027277607 0.038972694 0.020721097) (-0.026602933 0.051733043 0.0076985396) (0.0035370584 0.080160365 0.024663873)
(-0.054440666 -0.027003186 -0.017615087) (-0.04365059 -0.049143415 -0.027412977) (-0.019551186 -0.020404441 -0.0096057411) (0.025530851 0.04405269 0.016224746)
(-0.048093665 -0.093935892 -0.041863326) (-0.030540684 -0.11927899 -0.037326727) (-0.025142942 -0.10040464 -0.036703914) (0.020728748 -0.024522113 -0.00083204918)
(-0.018939156 -0.11851598 -0.056114335) (-0.0049013514 -0.16936326 -0.032506011) (0.020404009 -0.16457924 -0.028587839) (0.01051198 -0.081325881 0.003604912)
matrix-end: [8]
matrix-start: [9] [4 4 3] (0.17324297)
(0.025299668 0.051173311 0.004816188) (0.040274628 0.20799443 0.030097391) (0.059912071 0.25925618 0.025439212) (0.070931904 0.19896549 0.018213987)
(-0.044850551 -0.1449708 -0.037504539) (0.015283344 0.054941837 0.0082145287) (0.0073859338 0.23892207 0.036996659) (0.039654952 0.269775 0.024645993)
(-0.06062936 -0.28569102 -0.059480757) (-0.032944568 -0.25921553 -0.013010495) (-0.032164317 -0.061066192 0.00075567601) (0.00014390815 0.12680449 0.035383813)
(-0.057111405 -0.26471817 -0.062762819) (-0.051011637 -0.37002143 -0.045845602) (-0.039114933 -0.31351352 -0.027110344) (-0.02869031 -0.11812166 -0.0094023664)
matrix-end: [9]
matrix-start: [10] [4 4 3] (-0.087817125)
(-0.0023406988 -0.01348703 -0.0073705288) (-0.0047349459 -0.021370577 -0.0095239663) (0.0068724747 -0.022620784 0.011434969) (0.010554231 -0.0071419869 -0.010078557)
(-0.0042122225 -0.037953313 -0.016583472) (-0.00016364106 -0.037839033 -0.012190626) (-0.013513377 -0.034150023 -0.012660979) (0.017478446 -0.0097111594 0.0034514673)
(-0.0057929978 -0.019567024 -0.011801301) (-0.0185971 -0.029807702 -0.025929965) (-0.019522222 -0.024923002 -0.024489338) (0.0031924467 -0.024244538 -0.00081366953)
(-0.0087257214 -0.0053851865 -0.035301026) (-0.0040757512 -0.010599542 -0.012962586) (-0.0085349455 -0.0099895634 -3.8580507e-05) (-0.016472774 -0.021332107 -0.0053330562)
matrix-end: [10]
matrix-start: [11] [4 4 3] (-0.062635526)
(-0.0034239797 -0.023310911 -0.026595529) (-0.003193411 -0.029326398 -0.0049627014) (-0.015611313 -0.014898976 0.0015618139) (-0.019352028 -0.012874822 -0.020693103)
(-0.014735972 -0.025434053 -0.025675213) (0.012954781 -0.029163906 -0.024734985) (0.009469863 -0.023842905 -0.0086405389) (-0.0016486904 -0.012494574 0.0091764433)
(-0.022505507 -0.02743019 -0.012059955) (0.0066136732 -0.0092978152 -0.014731199) (0.0032326777 -0.026226146 -0.014297744) (-0.020372851 -0.019554717 0.00056382758)
(-0.025589023 -0.040150907 -0.0037287676) (0.0039927661 -0.040809497 0.0011208332) (-3.980305e-05 -0.016356546 -0.028131112) (-0.022344656 -0.038841665 0.00083296822)
matrix-end: [11]
matrix-start: [12] [4 4 3] (-0.025984418)
(0.048968058 0.0055168159 0.06347996) (0.07352785 -0.077382118 0.065023765) (0.038896348 -0.13589847 0.021405175) (0.0052365568 -0.067838155 0.011522553)
(0.072957404 -0.093512066 0.043325115) (0.055796329 -0.2217585 0.049015816) (0.022651814 -0.19799365 0.039996479) (0.016795436 -0.061492156 0.007252513)
(0.072439387 -0.14184533 0.049357772) (0.023382174 -0.17550971 0.056412697) (-0.017093131 -0.09074904 0.014770342) (-0.035305243 0.087373294 -0.025825705)
(0.021588311 -0.034004152 0.048763778) (-0.017814023 -0.0077681122 0.039013498) (-0.030724948 0.10390922 -0.0057738009) (0.0057474463 0.17770712 -0.017172487)
matrix-end: [12]
matrix-start: [13] [4 4 3] (-0.02953634)
(0.041710246 0.059259042 0.020401996) (0.025145233 0.051786855 -0.020940907) (0.024429139 0.053039975 -0.033963539) (0.027566396 0.074915558 -0.0047545512)
(0.031176619 0.044495989 -0.030471778) (0.013263236 0.01949409 -0.091732964) (0.0040556467 0.04100484 -0.10964914) (0.021816058 0.045826871 -0.059300691)
(0.028058292 0.039891489 -0.073635824) (0.023901435 0.0017506815 -0.11945934) (0.019010887 0.026249522 -0.14767739) (0.02896974 0.058343638 -0.097756051)
(0.018786075 0.01647434 -0.085763291) (0.021068517 0.022007676 -0.13017282) (0.011675954 0.013369147 -0.13383336) (0.012257291 0.025978478 -0.087821841)
matrix-end: [13]
matrix-start: [14] [4 4 3] (-0.36062637)
(0.005833386 -0.0074226479 0.058841892) (0.02153358 -0.012676796 0.05551685) (0.020968216 -0.017729213 0.065069661) (0.028537713 -0.037568245 0.065647766)
(0.0032847798 -0.0075439024 0.071759917) (-0.00052187161 -0.05115575 0.064652659) (0.014183698 -0.056470104 0.053419787) (0.019548472 -0.037984218 0.073946804)
(-0.025116814 -0.038911633 0.068087488) (-0.0045799953 -0.052661739 0.058175042) (0.0064916457 -0.060087763 0.046212595) (0.017992299 -0.06620153 0.052944817)
(-0.039233796 -0.036959168 0.071822502) (-0.016568307 -0.06525822 0.060241301) (-0.011128539 -0.080575153 0.063676409) (-0.0050173881 -0.071503945 0.061276626)
matrix-end: [14]
matrix-start: [15] [4 4 3] (-0.28620809)
(0.06633196 0.42424965 0.015385988) (0.033858776 0.37728223 -0.013124299) (0.019076763 0.35981369 -0.0086900042) (0.030919114 0.41715401 0.018487284)
(-0.01303823 0.19939315 0.00056781585) (-0.010796395 0.16710477 -0.0077185831) (-0.0096249925 0.16778754 0.018128157) (-0.006857906 0.21034226 0.005516517)
(-0.038726851 -0.20118506 -0.004296652) (-0.022267809 -0.21853039 -0.014074838) (-0.057823107 -0.22049448 -0.011319085) (-0.030396117 -0.15908772 -0.0021866411)
(-0.04466724 -0.32883933 0.012780304) (-0.016852809 -0.35951605 -0.013403403) (0.0010173981 -0.3519637 -0.030504107) (0.0024867463 -0.33951244 0.0025014465)
matrix-end: [15]
matrix-start: [16] [4 4 3] (-0.21425299)
(-0.014276834 -0.35681504 0.055348579) (0.0095161591 -0.37725872 0.036393367) (0.0032257969 -0.38851255 0.021338208) (0.020125486 -0.36821622 0.010866395)
(0.010908283 -0.23651002 -0.00089293486) (0.012040487 -0.27813753 -0.010924036) (-0.0091475612 -0.26210314 -0.01267051) (0.010987584 -0.21701245 -0.0049868296)
(-0.017695988 0.20800291 -0.034092519) (-0.018252132 0.20634989 -0.01707859) (-0.03545 0.21658309 -0.032680999) (-0.0010526868 0.24472395 -0.0055528316)
(-0.0035883014 0.45706806 -0.022533009) (-0.016561294 0.43147948 -0.019469324) (-0.034560803 0.41979149 -0.0085514784) (-0.00051601138 0.44014043 0.026575791)
matrix-end: [16]
matrix-start: [17] [4 4 3] (-0.54422724)
(0.076880924 0.024217615 0.035456963) (0.10845235 0.0071372725 0.071462102) (0.090566628 0.021811409 0.069957063) (0.069537573 0.014768483 0.023127781)
(0.068304293 -0.02717701 0.0050808522) (0.063117579 -0.038724106 0.042225167) (0.078796163 -0.016775921 0.067417055) (0.06179117 -0.014483423 0.042966072)
(0.0010420555 -0.039222546 -0.024405448) (0.056576055 -0.047131356 0.013790197) (0.052619956 -0.048928041 0.03644954) (0.057284772 -0.043726366 0.037744198)
(-0.050332844 -0.052698992 -0.08201427) (-0.0029244579 -0.027046723 -0.029514667) (0.0046044537 -0.047757279 -0.0018449583) (-0.011938256 -0.020130014 -0.0072916779)
matrix-end: [17]
matrix-start: [18] [4 4 3] (0.20025484)
(-0.077251337 0.022517366 0.0028329093) (-0.13196094 0.041665912 0.019855376) (-0.1462211 0.011187815 0.031139746) (-0.04372061 0.029872699 0.041430071)
(-0.097099513 0.040052336 0.017047748) (-0.18911217 0.029084437 0.0041640941) (-0.19133599 0.0066805766 0.029314563) (-0.12201696 0.020875268 0.024847258)
(-0.076307595 0.041290008 -0.0030458968) (-0.14456797 0.020362493 -0.0020275128) (-0.17570259 0.024102185 0.0069215517) (-0.080221951 0.029176859 0.024058919)
(0.0066394219 0.020815169 -0.011012999) (-0.052320432 0.018140247 -0.021491161) (-0.071524948 -0.0038588373 0.017471185) (-0.013473651 0.039503843 0.036943652)
matrix-end: [18]
matrix-start: [19] [4 4 3] (0.026009765)
(-0.0039524511 -0.10449883 0.024887569) (0.012949157 -0.023911061 0.01129771) (-0.0049569961 0.11027977 -0.050258033) (-0.0058044638 0.15012002 -0.063966729)
(-0.0020164018 -0.16578948 0.052743122) (0.013647758 -0.10068226 0.03428711) (0.0042703194 0.095212281 -0.015594681) (-0.011164599 0.17125373 -0.087978117)
(0.00024532384 -0.1618298 0.040382881) (-0.0051550185 -0.16018604 0.050213158) (-0.016018519 0.036077235 -0.024519732) (-0.0013671976 0.18961322 -0.051961254)
(0.0054788641 -0.10763793 0.040659927) (0.0092499815 -0.15281376 0.076465353) (0.0035114333 -0.037840061 0.014735037) (-0.025597127 0.12346738 -0.067196883)
matrix-end: [19]
matrix-start: [20] [4 4 3] (-0.08542832)
(0.00080636889 -0.00017362843 -0.0072658118) (-0.00024260067 -0.025177943 0.012297958) (0.022775071 -0.04022181 -0.0014976418) (0.0047776145 -0.032582246 -0.0070992573)
(-0.010522157 0.0045069964 -0.018180979) (0.0057014455 0.0018051731 0.021063616) (0.016956724 -0.021961227 0.025962224) (0.025006225 -0.029631818 0.013127884)
(-0.021445947 -0.0085161682 -0.029460726) (0.0071224147 0.011964326 -0.0020893565) (-0.0013202266 -0.03497513 0.0012308119) (0.022655224 -0.037115268 0.0069388328)
(-0.006932213 0.010065403 -0.023958726) (-0.021079009 0.02976691 0.0086890766) (0.021194233 0.014772691 0.025601171) (0.016921896 -0.010596187 0.01459185)
matrix-end: [20]
matrix-start: [21] [4 4 3] (-0.1751751)
(-0.011624404 0.28896686 0.011010185) (-0.035300903 0.38480118 -0.022313137) (-0.054079272 0.30547658 -0.041659527) (-0.012319765 0.051359013 -0.040992681)
(-0.028756922 0.38385004 -0.022578012) (-0.026391122 0.28325135 -0.036228649) (-0.0070451014 0.016324557 -0.020284642) (0.010881444 -0.27556637 0.013337942)
(-0.022641197 0.28404868 -0.019598845) (-0.019944036 0.0011847862 -0.0024920581) (0.009718609 -0.29779786 0.0096352892) (0.024280934 -0.42291927 0.035100162)
(0.026914911 0.0035676917 0.012978544) (0.033398699 -0.27384511 0.017120944) (0.019747684 -0.39395988 0.027259324) (0.027884848 -0.30914041 0.01556177)
matrix-end: [21]
matrix-start: [22] [4 4 3] (-0.16425547)
(-0.01163876 -0.23183578 -0.0072829337) (-0.0045108567 -0.35715926 0.01791784) (0.00076360849 -0.24835089 0.025677575) (0.010256558 0.064398564 -0.026448343)
(-0.0074952394 -0.36246878 -0.0040627862) (-0.0038976162 -0.3151814 0.011689376) (-0.003969043 -0.034103829 -0.021481408) (-0.0042264787 0.30893278 -0.034744758)
(0.0011088683 -0.27077174 -0.0011549599) (-0.015896618 -0.052740775 -0.020642197) (-0.014544702 0.23518039 -0.013484418) (-0.0096804267 0.39199117 -0.0063971961)
(0.019421438 0.02161558 -0.010519057) (0.0020367105 0.23013794 -0.019196104) (-0.0019092439 0.34534782 -0.018104233) (0.032585118 0.25040421 -0.0067470726)
matrix-end: [22]
matrix-start: [23] [4 4 3] (-0.1552169)
(-0.028422926 -0.31382084 -0.025594829) (-0.024179809 -0.2129633 -0.024371542) (-0.018520951 0.030858122 -0.018757753) (0.021937359 0.2083986 -0.026547218)
(-0.036061704 -0.31139657 -0.016284253) (-0.016187033 -0.12902516 -0.0090462938) (0.023047317 0.17810611 -0.010533382) (0.021019077 0.33205637 -0.0054571191)
(-0.011631588 -0.23475111 0.0021868248) (-0.0099276621 -0.02584872 0.00079329626) (0.01020128 0.23313873 -0.022988403) (-0.00052149023 0.30106962 0.0086262412)
(-0.026771093 -0.10830338 -0.0026384629) (-0.013786923 0.068726718 0.0045521269) (-0.0037169154 0.19656698 0.012925586) (-0.00030048049 0.19017756 0.022472059)
matrix-end: [23]
matrix-start: [24] [4 4 3] (0.048552312)
(0.027758786 -0.0065568662 0.01828281) (-0.00046078465 -0.004156074 0.026174149) (-0.013028965 -0.031501524 0.024105266) (-0.024641085 -0.025773074 0.0076062968)
(0.0029244146 -0.0071340655 -0.019813228) (0.0033078394 -0.0488947 0.009059052) (-0.0070157866 -0.059536528 0.0015706092) (-0.03662698 -0.06199583 -0.014735346)
(0.019766822 -0.034631599 -0.033295654) (0.0055409581 -0.066270359 -0.0088599743) (-0.0036620577 -0.070489697 -0.0022096119) (-0.018158423 -0.074096799 -0.025281485)
(0.012797524 0.011742759 -0.0441522) (0.0011909027 -0.024981525 -0.021983817) (-0.021178067 -0.057423249 -0.04222383) (-0.013296318 -0.058605377 -0.039609279)
matrix-end: [24]
matrix-start: [25] [4 4 3] (-0.11446188)
(0.017544501 -0.0096013565 -0.0052576885) (0.20900702 0.010494365 -0.064885102) (0.25011307 0.017686034 -0.044493221) (0.19344582 -0.00042878694 -0.030227112)
(-0.18938611 -0.0006272723 0.046389814) (-0.0083481306 -0.0017363406 -0.021137195) (0.18040358 0.00064802892 -0.062665567) (0.28114438 0.00099306204 -0.077421769)
(-0.31491217 0.0083629731 0.058406051) (-0.21870674 -0.013307425 0.020654576) (-0.02351436 -0.013809126 -0.03528703) (0.20019111 0.010898268 -0.10500302)
(-0.22363912 0.054292951 0.070541739) (-0.27096212 0.0090184845 0.069239214) (-0.20594749 0.0035129376 0.029190762) (0.00074201461 0.027527928 -0.029958511)
matrix-end: [25]
matrix-start: [26] [4 4 3] (-0.097655483)
(-0.040764354 0.0025187228 -0.030676218) (-0.22852752 0.049869929 0.02461521) (-0.27245793 0.059083953 0.053548411) (-0.21512865 0.053728659 0.054185789)
(0.18952371 -0.045138475 -0.05932083) (-0.025743559 -0.0020674421 -0.029382745) (-0.21450551 0.049356665 0.015838942) (-0.31299216 0.06979271 0.062454589)
(0.28355178 -0.061676282 -0.057762623) (0.18829957 -0.039055731 -0.057465162) (-0.011336951 0.017929994 -0.005170376) (-0.197093 0.063690066 0.028298462)
(0.23823692 -0.050156299 -0.046954259) (0.26697457 -0.046808198 -0.064784795) (0.20893832 -0.028536301 -0.047886625) (0.007910395 0.031857405 -0.0082901614)
matrix-end: [26]
matrix-start: [27] [4 4 3] (-0.016121475)
(-0.010384548 0.0046717897 -0.021585967) (-0.0070310878 -0.0044334237 -0.0057446351) (0.0039956882 -0.0081811408 -0.0056155003) (0.0022942345 -0.015956659 0.00084767636)
(0.0041682464 -0.0004940441 -0.014401814) (-0.0043413169 -0.0090028662 -0.019254074) (-0.023007907 -0.00031280468 0.007474924) (0.0057150107 -0.0093671922 0.006282724)
(-0.0014107944 -2.0449366e-05 -0.014297112) (-0.01006589 -0.013099279 -0.013044696) (-0.019542046 0.017425491 -0.00478752) (-0.010569385 0.0040892581 -0.011386476)
(0.0040458841 -0.0013930566 -0.0086418018) (-0.0084784562 -0.0043902453 -0.024228305) (-0.017520549 0.0053511928 -0.0032171945) (0.00040979154 -0.012470475 -0.0037503093)
matrix-end: [27]
matrix-start: [28] [4 4 3] (0.11154641)
(0.10050774 0.080014281 0.07015302) (0.0098908087 0.00011244979 -0.0013297204) (-0.078836553 -0.086584836 -0.054587059) (-0.13833013 -0.036737785 -0.079938337)
(0.11130864 0.12837088 0.065570593) (0.045593724 0.010715121 0.034973111) (-0.069799639 -0.11159434 -0.047168639) (-0.13416569 -0.08446712 -0.095283486)
(0.11402494 0.14741358 0.075845391) (0.068544365 0.035329733 0.050374709) (-0.033934563 -0.10233723 -0.02529099) (-0.10606436 -0.095324069 -0.07733769)
(0.076780535 0.12729155 0.066275328) (0.073185146 0.030904733 0.029856283) (0.01856358 -0.065775119 -0.0045716497) (-0.085481592 -0.075308546 -0.067707717)
matrix-end: [28]
matrix-start: [29] [4 4 3] (-0.08058551)
(-0.12399568 -0.019966519 0.041905824) (-0.14482155 -0.024747433 0.056297064) (-0.13620105 -0.016275201 0.061015498) (-0.057073299 -0.024138648 0.086294383)
(-0.15525019 -0.015832979 0.080619402) (-0.18435133 -0.0058816532 0.069090724) (-0.16983855 -0.0074275672 0.074752018) (-0.11910537 0.0019032082 0.10004179)
(-0.093595065 -0.023509549 0.09961272) (-0.12165471 -0.016615774 0.084483385) (-0.12595014 -0.01112172 0.064761005) (-0.06349057 -0.0019567516 0.091729775)
(-0.0040068231 -0.028657096 0.10437172) (-0.01622205 -0.010548162 0.087135114) (0.00036865208 -0.0079154614 0.058760352) (0.0070802164 -0.015819335 0.088872306)
matrix-end: [29]
matrix-start: [30] [4 4 3] (-0.19371662)
(0.073924735 -0.026321456 -0.0086876936) (0.08619263 -0.028484872 -0.041837253) (0.1093367 -0.028113943 -0.044142563) (0.13425301 -0.0061279596 -0.042749848)
(0.1028603 -0.026153784 -0.096759997) (0.10768879 -0.023360444 -0.10756388) (0.10690807 -0.014276957 -0.1263575) (0.13277823 -0.022155268 -0.10366677)
(0.093141943 -0.033828393 -0.12541251) (0.10217702 -0.013260487 -0.1322615) (0.083876707 -0.015357411 -0.11380872) (0.1027882 -0.0077431789 -0.088461287)
(0.059826031 -0.02067874 -0.098438725) (0.07005693 -0.016551729 -0.10128514) (0.044369966 -0.00367892 -0.079412468) (0.056544498 -0.0008258603 -0.059703421)
matrix-end: [30]
matrix-start: [31] [4 4 3] (-0.2624585)
(0.0016271297 0.095727548 0.055166021) (-0.030169213 0.097650453 0.03692358) (-0.058668103 0.10642085 0.014208769) (-0.079511829 0.089394167 0.004105641)
(-0.023187667 0.11082018 0.025159121) (-0.047680881 0.10745711 -0.0072999215) (-0.069383159 0.095155537 -0.014859814) (-0.075525098 0.053477202 -0.032887403)
(-0.028028449 0.090388715 0.0019988744) (-0.053696353 0.075252332 -0.025322532) (-0.058381494 0.056731202 -0.046694405) (-0.033568233 0.005077831 -0.051147405)
(-0.015971003 0.050829872 -0.048027389) (-0.026365208 0.030547563 -0.063615672) (-0.0082607828 -0.0094551062 -0.067830443) (0.00058907125 -0.04208032 -0.054036733)
matrix-end: [31]
matrix-start: [32] [4 4 3] (-0.075724378)
(0.0066571045 -0.073507443 -0.040494017) (0.04032227 -0.11715887 -0.037277631) (0.045502737 -0.13533494 -0.012863828) (0.08640971 -0.068308719 0.0096352799)
(0.043768931 -0.11010092 -0.0053804405) (0.0399772 -0.13991591 -0.0008205435) (0.061784737 -0.14001225 0.018223545) (0.060978111 -0.093606599 0.049578439)
(0.069105044 -0.10226783 0.02761524) (0.051421247 -0.12704805 0.036922917) (0.045402102 -0.10756803 0.044696514) (0.06510026 -0.044288982 0.072560675)
(0.06579297 -0.072771229 0.093023002) (0.054788809 -0.057530541 0.08752875) (0.04504662 -0.041573334 0.069323897) (0.04059992 0.018216852 0.068542302)
matrix-end: [32]
matrix-start: [33] [4 4 3] (0.04820795)
(-0.10471314 0.055403147 -0.044867005) (-0.060464807 0.079269476 -0.0079973293) (-0.030027466 0.012219058 0.021899203) (0.048556756 -0.051564071 0.041335665)
(-0.089594021 0.10481178 -0.10171971) (-0.064114287 0.1316345 -0.043332782) (-0.04748993 0.098965943 -0.0070314379) (-0.015173904 0.0063511585 0.043075737)
(-0.069950134 0.074141353 -0.099001005) (-0.064648464 0.15333942 -0.070318751) (-0.060724679 0.14008634 -0.022654118) (-0.042684905 0.057674773 0.013501137)
(-0.037539005 -0.015410958 -0.10890806) (-0.048739489 0.048993215 -0.10774717) (-0.064034961 0.094570681 -0.077055849) (-0.05207615 0.069009036 -0.027078871)
matrix-end: [33]
matrix-start: [34] [4 4 3] (0.083544284)
(0.014952593 -0.068186492 0.043095294) (0.0046246513 -0.09960521 0.015162324) (0.0093051707 -0.090083048 0.0082264543) (0.0315933 -0.0082574682 0.025081675)
(-0.01795271 -0.10206465 0.043190204) (0.0001806447 -0.1729414 0.004009001) (0.011503593 -0.15477672 -0.0070356969) (0.0355369 -0.050482556 -0.01286344)
(-0.007122484 -0.10020856 0.023618842) (-0.0039047317 -0.19485445 0.022885945) (0.011342225 -0.17451742 0.0034477348) (0.043207429 -0.094834834 0.024806255)
(0.02675104 -0.067814387 0.062047146) (-0.00088247936 -0.13238086 0.031469557) (-0.0050707757 -0.14308424 0.010805276) (0.035670981 -0.039663438 0.021654135)
matrix-end: [34]
matrix-start: [35] [4 4 3] (0.25950232)
(-0.036014937 -0.047615316 -0.044288393) (-0.053670123 -0.12165121 -0.010477794) (-0.022925878 -0.1397654 -0.022143232) (-0.026335437 -0.070439853 0.012663751)
(-0.031577967 -0.11049538 -0.019310579) (-0.014397826 -0.14661953 -0.025853211) (-0.017351246 -0.094498217 -0.012302795) (0.0094294893 0.061722882 0.021246782)
(-0.039554399 -0.14056332 -0.047236413) (0.0054312008 -0.083149053 -0.033173148) (0.021864288 0.10073198 -0.0086922236) (0.017895672 0.21351701 0.032152321)
(-4.7407404e-05 -0.056504276 -0.034601558) (0.01719719 0.032271791 0.00022641051) (0.015574969 0.19081262 0.016146889) (-0.01511778 0.20869803 0.046445228)
matrix-end: [35]
matrix-start: [36] [4 4 3] (-0.027109629)
(-0.018842982 -0.016266419 -0.01886843) (-0.013492991 0.0032614116 -0.026524382) (-0.0051205033 -0.024949126 -0.026751064) (-0.012663493 -0.020603074 -0.012885666)
(-0.0201068 -0.017404245 -0.0231217) (-0.0084474655 -0.0083522117 -0.025219291) (-0.023094803 -0.00010442359 -0.0049536177) (-0.010968986 0.01262478 -0.017659029)
(-0.016965728 -0.011088094 -0.027416285) (-0.012975258 -0.0078811022 -0.025423856) (0.0049190149 -0.0069118789 0.00037016202) (-0.0073057394 -0.0013364434 -0.0066715088)
(0.0007483337 -0.0069793984 -0.0043628197) (-0.0065344353 0.010383509 0.0043026134) (-0.019690424 -0.0025636621 -0.0058281198) (-0.021387832 0.0018641584 -0.021077968)
matrix-end: [36]
matrix-start: [37] [4 4 3] (0.045451768)
(-0.055385109 -0.076068684 -0.02308592) (-0.039271478 -0.064043976 -0.031665102) (-0.012606128 0.0027209918 -0.030828506) (-0.018856447 0.052419014 -0.031415489)
(-0.039766744 -0.094472609 -0.027852472) (-0.0034064893 -0.091288283 -0.0070467615) (0.003959402 -0.020468224 -0.019571265) (0.012595727 0.025679758 -0.029705869)
(0.020693609 -0.060369398 0.0082409671) (0.027030054 -0.087731048 -0.0089914296) (0.01467526 -0.038580388 -0.014590781) (0.035885818 0.020781334 -0.014580711)
(0.026970452 -0.027227098 0.019966416) (0.028564438 -0.049165081 0.0048362715) (0.015090752 -0.049016956 0.014119062) (0.0097207176 -0.011950077 0.014212646)
matrix-end: [37]
matrix-start: [38] [4 4 3] (-0.39948973)
(0.19343367 0.16001113 0.12002501) (0.16562086 0.17312308 0.10382204) (0.13982064 0.13725248 0.067345053) (0.072277889 0.032096852 0.041991841)
(0.13306001 0.18571369 0.090774558) (0.072543032 0.10722061 0.048176832) (0.020472704 0.019371601 0.020222224) (-0.039019313 -0.064684816 -0.022170972)
(0.065181427 0.13866931 0.031698413) (-0.019298706 0.012222583 -0.024677383) (-0.093699791 -0.087355353 -0.057985678) (-0.1130308 -0.12376694 -0.075837702)
(-0.037783168 0.041028693 -0.034281068) (-0.12625031 -0.076517776 -0.094896726) (-0.13495351 -0.14211828 -0.089756124) (-0.13498564 -0.097990662 -0.11779065)
matrix-end: [38]
matrix-start: [39] [4 4 3] (-0.089411072)
(-0.031874232 -0.21296374 -0.12737125) (-0.031242555 -0.093902044 -0.023402028) (0.013576021 0.13399087 0.10631633) (0.025714656 0.31017596 0.11067446)
(-0.01580428 -0.26790765 -0.12787949) (-0.023199651 -0.189895 -0.037734538) (0.0061309491 0.11902983 0.079627797) (0.011985405 0.30508184 0.11140666)
(-0.02431798 -0.26431888 -0.14304368) (-0.015264807 -0.2066665 -0.076779597) (-0.00078763306 0.082277067 0.0798705) (0.0090547949 0.27746567 0.12859939)
(-0.039850645 -0.22177787 -0.16025253) (-0.036203686 -0.16952309 -0.10286755) (0.01306099 0.066508919 0.059023611) (-0.0043171351 0.23992494 0.12786169)
matrix-end: [39]
matrix-start: [40] [4 4 3] (-0.33407965)
(-0.0038766703 0.1751817 0.099162035) (-0.0015950614 0.063359424 0.020020522) (0.015556591 -0.080190808 -0.067553394) (0.038298357 -0.18518989 -0.081836857)
(-0.024146635 0.16997622 0.081368364) (-0.013188588 0.11147574 0.041208886) (0.00053440838 -0.08594422 -0.068481162) (0.045688309 -0.19598985 -0.076361187)
(-0.0068434742 0.14370981 0.090488352) (-0.031319357 0.13152471 0.072254501) (-0.0063473019 -0.048182271 -0.040378194) (0.023394885 -0.16517152 -0.094560869)
(-0.0166822 0.18014635 0.096245557) (-0.036251303 0.17456044 0.096300676) (-0.010892149 0.0046417522 0.00061600341) (-0.0081422776 -0.15652254 -0.069111519)
matrix-end: [40]
matrix-start: [41] [4 4 3] (-0.074354693)
(0.0067585059 -0.026395986 0.1137173) (0.030983021 -0.022226257 0.22151214) (0.040286418 -0.027002649 0.24453115) (0.018836908 -0.040112484 0.19920531)
(-0.032171469 -0.0055906191 -0.084757574) (-0.0050589242 -0.0061896052 0.063216597) (0.018388214 -0.029403597 0.18169482) (0.041803613 -0.029658362 0.25378126)
(-0.053989626 0.0087705189 -0.2810196) (-0.044615515 -0.0016511811 -0.18208602) (-0.016154099 -0.022805683 -0.040394779) (0.026272763 -0.01838287 0.1258146)
(-0.020109132 0.057013385 -0.24785429) (-0.032793157 0.02379526 -0.29001063) (-0.025086824 0.014000624 -0.24750717) (0.0054518222 0.014602236 -0.10013095)
matrix-end: [41]
matrix-start: [42] [4 4 3] (-0.056631662)
(-0.021163454 0.024487158 -0.14658919) (-0.031544574 0.019749604 -0.23802982) (-0.0085331742 0.050648779 -0.27816203) (0.01028607 0.076072976 -0.2342335)
(-0.0070084319 -0.03183537 0.077692308) (-0.020223022 -0.028673701 -0.04490814) (-0.020188771 -0.0017495559 -0.16591254) (-0.022031382 0.040699467 -0.25362489)
(-0.010851516 -0.042427462 0.22656696) (0.020758044 -0.057088409 0.175841) (0.0031040835 -0.041361813 0.075148195) (0.0012667817 0.0026897313 -0.0499027)
(-0.0090513155 -0.041304961 0.18241425) (0.01300136 -0.045790061 0.22083232) (0.011977793 -0.058254629 0.24065074) (0.025547562 -0.029201694 0.17582759)
matrix-end: [42]
matrix-start: [43] [4 4 3] (0.22073276)
(-0.042676575 -0.067383647 -0.020545388) (-0.053148486 -0.087871909 -0.028524693) (-0.086067669 -0.0899406 -0.046437573) (-0.092465043 -0.078263909 -0.028596807)
(-0.013273416 -0.08009205 -0.057204477) (-0.022251697 -0.086409859 -0.063846044) (-0.053382307 -0.10543825 -0.055835146) (-0.064288922 -0.083699495 -0.050203275)
(0.023208886 -0.067681633 -0.058235012) (0.0020679 -0.064013258 -0.062661961) (-0.029762255 -0.084773906 -0.050288636) (-0.011116175 -0.075100824 -0.06943211)
(0.046608925 -0.013806202 -0.050207935) (0.047971264 -0.035505794 -0.061844949) (0.037170622 -0.060526989 -0.06740994) (-0.0011057965 -0.028596234 -0.049557965)
matrix-end: [43]
matrix-start: [44] [4 4 3] (-0.83281046)
(0.047102194 0.094106384 0.047922652) (0.050432168 0.10434203 0.0019386674) (0.029294765 0.093700528 -0.0010962009) (0.01152355 0.045264624 0.016794555)
(0.017936405 0.005767805 0.043474954) (0.0042483187 0.063926823 0.043038636) (0.025802767 0.088982418 0.0098069925) (0.017051246 0.11542673 -0.00084780436)
(-0.00040904986 -0.045244534 0.036910959) (0.0050642695 0.00016251407 0.049088925) (0.011900712 0.086766876 0.02093357) (0.031908643 0.11353263 0.012582005)
(-0.012067501 -0.058833703 -0.012595211) (0.0069093071 -0.069746189 0.04475411) (-0.0019402239 0.00085416646 0.039521299) (0.029867703 0.055107489 0.058691841)
matrix-end: [44]
matrix-start: [45] [4 4 3] (-0.090228803)
(-0.24553424 0.0049023395 0.084717251) (-0.20187536 -0.016620651 0.044625293) (0.016086673 -0.0054688016 -0.017189773) (0.22509363 -0.022010703 -0.043858856)
(-0.25132152 0.0055198069 0.074748494) (-0.17955469 -0.0044102361 0.034776248) (0.10829638 -0.011664532 -0.022236744) (0.25927421 -0.00544602 -0.04556844)
(-0.27303699 0.01396214 0.083877549) (-0.12755437 -0.017928733 0.014310945) (0.16456482 -0.022708697 -0.056894083) (0.26223621 -0.022181677 -0.063700274)
(-0.21439564 0.0172479 0.074136548) (-0.013994014 -0.039792776 -0.004390378) (0.20265815 -0.04883362 -0.055281915) (0.22844809 -0.034830522 -0.022626029)
matrix-end: [45]
matrix-start: [46] [4 4 3] (-0.18421905)
(0.22892669 0.00075686479 -0.090197682) (0.1859608 -0.0041435054 -0.045339763) (0.020967651 -0.0077668629 0.0069000092) (-0.14893447 -0.0007377594 0.078226671)
(0.20493478 -0.01228776 -0.084179051) (0.12267462 0.0054824268 -0.039560463) (-0.089422196 -0.0095649548 0.037920922) (-0.21578969 0.0026835511 0.096273161)
(0.2092085 0.0060483734 -0.1004637) (0.088258848 -0.0077527231 -0.039228681) (-0.15047617 -0.022192175 0.040693354) (-0.22096588 -0.018852036 0.080430686)
(0.18464063 -0.022476081 -0.10227265) (0.036496628 -0.0097674327 -0.029838577) (-0.17184137 -0.031001683 0.070711792) (-0.2047848 -0.014012481 0.11728645)
matrix-end: [46]
matrix-start: [47] [4 4 3] (0.31864414)
(0.010799065 0.026680311 0.023301659) (0.017060531 0.099898152 0.021388186) (-0.012387483 0.07453987 -0.0077910195) (-0.067683764 -0.0026032126 -0.042793494)
(0.02146329 0.15156166 0.059885237) (-0.00054921751 0.10892408 0.013183841) (-0.0023695421 -0.0021963285 -0.014751279) (-0.056299884 -0.095338106 -0.036126334)
(-0.00026785716 0.16203433 0.076942451) (0.015282943 0.027486786 0.03150725) (-0.0021671543 -0.16461238 -0.012607609) (-0.040128265 -0.2434427 -0.058098901)
(0.0084942449 0.047574412 0.05347798) (-0.018862462 -0.11512097 0.023146966) (-0.030148247 -0.25301236 -0.025853397) (-0.026966419 -0.25751117 -0.087513447)
matrix-end: [47]
matrix-start: [48] [4 4 3] (-0.032534834)
(-0.02141916 -0.0098803872 -0.011512905) (-0.023821237 -0.0089593269 -0.020677447) (-0.022113323 -0.019171244 0.0071810735) (-0.026612638 -0.026729085 -0.0041876468)
(-0.0047141942 -0.0054516536 -0.011037518) (-0.026572043 -0.0016465504 -0.019447783) (-0.023333983 -0.0093267383 -0.023521354) (-0.020093692 -0.015047918 -0.023974134)
(-0.0020813784 -0.01577365 -0.0033225461) (-0.024864273 -0.015143777 -0.022451874) (-0.025185097 -0.0040376787 -0.020099955) (-0.010464645 -0.003279485 -0.015647275)
(-0.028164512 -0.014602618 -0.0078795552) (-0.029253349 -0.01726022 -0.004410726) (-0.0075331586 -0.018791232 -0.017719956) (-0.031111944 -0.016333558 -0.02699836)
matrix-end: [48]
matrix-start: [49] [4 4 3] (-0.046897221)
(0.030070249 -0.0081976103 0.009492089) (0.0061873929 -0.0092927134 0.0050933147) (0.0061560371 -0.043169349 -0.034213122) (-0.018912701 -0.025876759 -0.029384563)
(0.023781991 -0.013754708 0.0081628077) (0.014443194 -0.015913026 -0.015985755) (-0.0072820643 -0.041806281 -0.0084841922) (-0.023680493 -0.027137807 -0.043629128)
(0.032699004 -0.0021566211 -0.0050775553) (0.015831165 -0.0069971662 -0.017293697) (0.020666445 -0.020935809 -0.031857785) (0.00070024503 -0.038083348 -0.027543923)
(0.038871665 -0.014101079 0.00014885214) (0.0095579857 -0.025133295 -0.017163642) (0.0031955109 -0.012128137 -0.0094440449) (-0.0040214234 -0.052420121 -0.023267426)
matrix-end: [49]
matrix-start: [50] [4 4 3] (0.031976014)
(-0.041801106 0.0031288024 -0.051975712) (-0.084091038 0.14431237 -0.034832712) (-0.093348555 0.19381125 -0.030908396) (-0.069610342 0.1935602 -0.02403421)
(0.025183365 -0.15352227 0.0076867389) (0.020072967 -0.037983354 -0.019143753) (-0.0094294725 0.043697365 -0.019535102) (-0.044310182 0.13990276 -0.013248202)
(0.062665947 -0.23449731 0.038009863) (0.076619245 -0.22748636 0.036893111) (0.059249517 -0.15030007 0.0089264018) (0.05205562 -0.023370145 0.0060013239)
(0.060259182 -0.14614134 0.050563149) (0.078889377 -0.17631875 0.048799764) (0.087975293 -0.17270179 0.072948642) (0.10417645 -0.061860736 0.057250012)
matrix-end: [50]
matrix-start: [51] [4 4 3] (-0.099149004)
(-0.0059985658 -0.10651024 0.062229589) (0.010813421 0.013585747 0.010833276) (0.030577371 0.11737964 -0.050253496) (0.0092503605 0.12705065 -0.071751185)
(-0.020956963 -0.16385008 0.070413955) (0.019865949 -0.064042114 0.021229152) (0.020236902 0.090534098 -0.033637449) (-0.019628899 0.10814916 -0.083308421)
(-0.012409486 -0.14946513 0.086535871) (-0.0059536602 -0.084315725 0.058389541) (0.014670844 0.045220643 -0.0082048811) (0.0019429015 0.11723863 -0.091121733)
(-0.01678675 -0.14169312 0.075061381) (0.010257365 -0.1056591 0.076089688) (-0.0010747338 0.028184691 -0.0064523527) (0.0065271403 0.10031045 -0.061697651)
matrix-end: [51]
matrix-start: [52] [4 4 3] (-0.13271333)
(0.038609918 0.20654048 -0.056291487) (0.0028659489 -0.019521119 -0.0009310047) (0.0010897852 -0.24904117 0.061976239) (-0.002489625 -0.23505007 0.071008995)
(0.021668728 0.29510331 -0.074500412) (0.010502577 0.12005789 -0.029655626) (-0.026426883 -0.2096469 0.044365339) (-0.0016252951 -0.28417903 0.059678867)
(0.017582672 0.30463657 -0.072805002) (0.0062976992 0.19333036 -0.044151999) (0.0039103269 -0.1277582 0.02860759) (0.0048368699 -0.31127745 0.067833751)
(0.039317224 0.24694876 -0.056377191) (-0.0047304281 0.24285196 -0.050435428) (-0.017418668 0.0042861598 0.0071363607) (-0.0046730097 -0.20314147 0.073181279)
matrix-end: [52]
matrix-start: [53] [4 4 3] (-0.15588187)
(0.061458722 0.077110723 0.04163032) (0.043174881 0.021443306 0.036092442) (-0.0046515623 0.0015585317 -0.0041777436) (-0.030870523 -0.050616134 -0.017419891)
(0.046801031 0.068462498 0.036225185) (0.018390689 0.028346183 0.01392549) (-4.0753715e-05 -0.040159151 0.0041988851) (-0.039798141 -0.048228879 -0.031628758)
(0.026143143 0.072669379 0.012617868) (0.025245072 0.0072555598 0.031373817) (0.001467702 -0.067718782 -0.025365638) (-0.037188835 -0.072912268 -0.011521317)
(0.037822209 0.073820397 0.034212649) (0.020377386 0.037911888 0.033113319) (0.027119305 -0.0487184 0.00059942564) (-0.016149813 -0.092096925 -0.040128928)
matrix-end: [53]
matrix-start: [54] [4 4 3] (-0.14690872)
(-0.057941478 0.023065632 0.002568285) (0.013899402 0.053741522 0.014741628) (0.072839402 0.12369869 0.023618052) (0.07081636 0.12391553 0.028182892)
(-0.05676724 -0.057078723 -0.023416234) (-0.036342151 -0.0007895563 0.00046588029) (0.018479958 0.11571156 0.022258226) (0.078121342 0.1580805 0.059432242)
(-0.049632244 -0.12378372 -0.038681038) (-0.036652274 -0.049962945 -0.020399326) (0.018336713 0.024628239 0.0062729926) (0.060755093 0.12004915 0.048832625)
(-0.049601667 -0.14693566 -0.045570571) (-0.058621336 -0.11814279 -0.036748972) (-0.019032434 -0.014736679 -0.023511631) (0.034646425 0.071957953 0.038223274)
matrix-end: [54]
matrix-start: [55] [4 4 3] (0.15611957)
(-0.017287221 -0.017768709 0.017161379) (-0.019965319 -0.049052082 0.0022393183) (-0.0022368657 -0.030818073 -0.020096721) (0.0061693029 0.03632471 -0.003885302)
(-0.013303905 -0.056503352 -0.00068321358) (-0.0025188795 -0.073361166 -0.024720022) (0.0017428014 -0.057617445 -0.036580585) (-0.018179858 0.019126998 -0.0096275043)
(-0.030418754 -0.087797187 -0.011296217) (-0.00013682785 -0.12683366 -0.012158664) (-0.016458344 -0.077496208 -0.0066361153) (-0.012838567 0.010227985 0.013673115)
(0.0096735712 -0.079938546 -0.016219579) (-0.005493674 -0.10037202 -0.022771068) (0.019022545 -0.090259559 0.00073480065) (0.022142829 0.01562975 -0.012162792)
matrix-end: [55]
matrix-start: [56] [4 4 3] (-0.051100902)
(-0.033696137 -0.15874949 0.023435876) (-0.032757439 -0.29806387 0.019340692) (0.0032663271 -0.36773774 0.03632937) (0.0094660344 -0.32024258 0.024500564)
(0.0020890769 0.17053294 0.0043401038) (-0.024703082 0.066323884 -0.015203294) (-0.019347345 -0.15974918 -0.035131425) (-0.013816621 -0.33497179 -0.021538274)
(-0.0017939393 0.33832964 -0.0096290763) (-0.0034534037 0.34829944 -0.027800212) (-0.015554038 0.19857086 -0.037366498) (-0.027868804 -0.09732613 -0.059376024)
(0.025724601 0.20780526 0.016670315) (-0.00061904883 0.36231554 -0.003949075) (-0.00065644551 0.35651785 -0.043211985) (-0.018615566 0.15297058 -0.098190159)
matrix-end: [56]
matrix-start: [57] [4 4 3] (-0.77672309)
(0.0035624288 0.062121145 0.015019403) (0.0099200774 0.09285289 0.011426673) (0.020006431 0.10830635 -0.0041884752) (0.025994107 0.075607359 -0.014396573)
(-0.027419269 0.064307697 0.026793353) (-0.012929696 0.084257036 0.016164282) (0.0039288243 0.064013615 -0.0045936378) (0.027703373 0.08272554 0.00034625261)
(-0.026475435 0.038363807 0.0075694951) (-0.028749961 0.080755681 0.0012052507) (-0.01443551 0.087940365 0.01677675) (0.0039334693 0.10515037 0.031681851)
(-0.041020334 -0.049883276 -0.014104061) (-0.035408437 0.0083955526 -0.0076104603) (-0.013202555 0.055799343 0.00029596093) (0.0076423171 0.075499021 0.026551194)
matrix-end: [57]
matrix-start: [58] [4 4 3] (0.62491268)
(0.011725257 0.039611891 0.046834543) (-0.015788021 -0.1111187 0.028960666) (-0.016048774 -0.18174964 0.021573246) (-0.015284164 -0.11863001 0.015991541)
(0.019617576 -0.054109402 0.017922791) (-0.015749939 -0.23918393 -0.0037325043) (-0.026392359 -0.29922077 -0.0095565384) (-0.020915695 -0.24546228 -0.0057744728)
(0.016405551 -0.01386096 0.021220531) (0.012572492 -0.22020502 -0.013064566) (-0.016558718 -0.27787894 -0.0052937507) (-0.033281274 -0.18930429 -0.012496168)
(0.039155308 0.16362785 0.027859017) (0.021733716 -0.007973793 -0.014593504) (-0.0091587855 -0.099700578 -0.040494837) (-0.010035109 -0.010123687 -0.030838611)
matrix-end: [58]
matrix-start: [59] [4 4 3] (-0.14709091)
(0.036216944 -0.0046311216 0.049916346) (-0.044157423 -0.010387322 0.053044733) (-0.11697149 0.0045743757 0.014079018) (-0.11611621 0.010243015 -0.038765706)
(0.064836159 0.0016798084 0.025019143) (-0.022605477 0.0062294905 0.050971821) (-0.11417567 0.021755541 0.031545971) (-0.13493058 0.015950836 -0.034619227)
(0.089696154 0.0068078861 0.018479282) (0.0080653764 0.0023341803 0.044895612) (-0.080380641 0.01845054 0.032979265) (-0.13703369 0.010682926 -0.014103399)
(0.097924165 0.019274248 0.017826039) (0.041103888 0.021205071 0.035797302) (-0.05079269 0.023729764 0.052347612) (-0.10519139 0.019289911 0.020390667)
matrix-end: [59]
matrix-start: [60] [4 4 3] (0.153776)
(0.032458954 0.0049913512 0.019083418) (0.006537254 0.007685266 -0.07704138) (-0.014234529 0.021307817 -0.1033375) (-0.019644784 0.054570183 -0.04088302)
(0.011018615 -0.012678409 0.037109923) (-0.0017333719 0.0025534078 -0.092130482) (0.0027907342 0.035148017 -0.15369591) (-0.013949477 0.036979992 -0.096440412)
(-0.011636824 -0.015132272 0.079930633) (-0.0027992316 0.001896916 -0.074183069) (-0.002637451 0.023619916 -0.14277145) (-0.0089714983 0.048429921 -0.13857871)
(0.0024245586 0.00015129989 0.12480358) (-0.0044392548 0.0085376212 -0.016983218) (0.011666278 0.015591895 -0.12451912) (0.025391452 0.039034974 -0.13672855)
matrix-end: [60]
matrix-start: [61] [4 4 3] (-0.065446071)
(0.029161572 0.0046264208 0.011426626) (-0.035867129 -0.14749241 -0.032720078) (-0.057084493 -0.24767663 -0.064585388) (-0.046974607 -0.22962539 -0.080801129)
(0.090850584 0.12532081 0.061177589) (0.021495739 0.0089906361 0.0098067792) (-0.050187755 -0.17877664 -0.048925608) (-0.079036169 -0.27170664 -0.073812157)
(0.098957762 0.18985073 0.069568194) (0.057703283 0.13257672 0.036647204) (0.015375106 -0.040050298 0.0058202269) (-0.046171285 -0.18583508 -0.034923151)
(0.074189894 0.16023962 0.076418184) (0.084064595 0.17251262 0.04366564) (0.057115875 0.089343622 0.034804914) (0.013014635 -0.043827288 -0.013974294)
matrix-end: [61]
matrix-start: [62] [4 4 3] (-0.21565305)
(0.06279017 -0.037739038 0.024648916) (0.066507235 0.069822557 -0.0040083192) (0.042766005 0.13289645 -0.013023493) (-0.033620559 0.18002997 -0.050717011)
(0.00062565238 -0.12536086 0.042200655) (0.057174392 -0.078891471 0.031304795) (0.063552752 0.022987559 0.011184464) (0.017076036 0.13503841 -0.037943225)
(-0.047686007 -0.15319392 0.0096461354) (0.013053291 -0.1674033 0.045271046) (0.063890718 -0.099439561 0.00871778) (0.071343191 0.047204703 -0.01684892)
(-0.061897751 -0.058037002 0.0034721091) (-0.02093365 -0.14175993 0.041986346) (0.010305244 -0.13272065 0.047753036) (0.061175823 -0.049602337 0.02850895)
matrix-end: [62]
matrix-start: [63] [4 4 3] (-0.45809016)
(-0.077488825 0.0081799999 -0.083140239) (-0.06668409 -0.056129519 -0.087276265) (-0.029719476 -0.074313544 -0.10105755) (0.0191855 -0.074178867 -0.077808261)
(-0.044257861 0.044517331 -0.030597275) (0.0097152684 -0.035713851 -0.0035176952) (0.035313997 -0.08974877 -0.0037954706) (0.073795393 -0.093851231 -0.0093175182)
(0.0057904879 0.088637918 0.060858995) (0.036747597 -0.0028897189 0.076402187) (0.074726798 -0.042898629 0.086547457) (0.092186682 -0.080015324 0.098695688)
(0.015416876 0.09641932 0.099313632) (0.026470315 0.060889177 0.14334266) (0.083134323 0.026312398 0.18830149) (0.11659537 -0.0070550339 0.20021139)
matrix-end: [63]
matrix-start: [64] [4 4 3] (0.063937403)
(0.020794965 -0.023480268 -0.017531533) (-0.0099811656 -0.042997465 -0.031600583) (0.014492797 -0.028675431 -0.042501967) (-0.011756003 -0.027661949 -0.039965417)
(0.016141286 -0.015998481 -0.028365804) (0.029504612 -0.036917184 -0.048372485) (0.023755752 -0.034486968 -0.038436148) (0.0022215431 -0.038630374 -0.03530138)
(0.057257947 -0.031235905 -0.060531043) (0.025194261 -0.042062331 -0.071360484) (0.025147723 -0.04856367 -0.088999324) (0.028272616 -0.015763471 -0.073426895)
(0.054526705 0.012265109 -0.073525384) (0.05384399 -0.0082091233 -0.081687249) (0.055988688 -0.023355987 -0.074670032) (0.047352038 0.0078487704 -0.066237286)
matrix-end: [64]
