total-matrices: 1
matrix-start: [1] [14 14 1] (0.0)
(1.0) (2.0) (3.0) (4.0) (5.0) (6.0) (7.0) (1.0) (2.0) (3.0) (4.0) (5.0) (6.0) (7.0)
(1.0) (2.0) (3.0) (4.0) (5.0) (6.0) (7.0) (1.0) (2.0) (3.0) (4.0) (5.0) (6.0) (7.0)
(1.0) (2.0) (3.0) (4.0) (5.0) (6.0) (7.0) (1.0) (2.0) (3.0) (4.0) (5.0) (6.0) (7.0)
(1.0) (2.0) (3.0) (4.0) (5.0) (6.0) (7.0) (1.0) (2.0) (3.0) (4.0) (5.0) (6.0) (7.0)
(1.0) (2.0) (3.0) (4.0) (5.0) (6.0) (7.0) (1.0) (2.0) (3.0) (4.0) (5.0) (6.0) (7.0)
(1.0) (2.0) (3.0) (4.0) (5.0) (6.0) (7.0) (1.0) (2.0) (3.0) (4.0) (5.0) (6.0) (7.0)
(1.0) (2.0) (3.0) (4.0) (5.0) (6.0) (7.0) (1.0) (2.0) (3.0) (4.0) (5.0) (6.0) (7.0)
(1.0) (2.0) (3.0) (4.0) (5.0) (6.0) (7.0) (1.0) (2.0) (3.0) (4.0) (5.0) (6.0) (7.0)
(1.0) (2.0) (3.0) (4.0) (5.0) (6.0) (7.0) (1.0) (2.0) (3.0) (4.0) (5.0) (6.0) (7.0)
(1.0) (2.0) (3.0) (4.0) (5.0) (6.0) (7.0) (1.0) (2.0) (3.0) (4.0) (5.0) (6.0) (7.0)
(1.0) (2.0) (3.0) (4.0) (5.0) (6.0) (7.0) (1.0) (2.0) (3.0) (4.0) (5.0) (6.0) (7.0)
(1.0) (2.0) (3.0) (4.0) (5.0) (6.0) (7.0) (1.0) (2.0) (3.0) (4.0) (5.0) (6.0) (7.0)
(1.0) (2.0) (3.0) (4.0) (5.0) (6.0) (7.0) (1.0) (2.0) (3.0) (4.0) (5.0) (6.0) (7.0)
(1.0) (2.0) (3.0) (4.0) (5.0) (6.0) (7.0) (1.0) (2.0) (3.0) (4.0) (5.0) (6.0) (7.0)
matrix-end: [1]
